0	0	776	0	430	0	265	988	523	497	0	0	802	849	0	0	488	0	597	913	929	223	0	0	0	0	773	0	633	818
256	0	545	722	829	616	0	0	317	0	747	75	920	0	0	338	0	0	0	362	444	323	0	655	0	0	0	565	488	453
886	0	0	63	0	940	561	937	0	0	0	860	408	0	0	0	684	640	1	0	0	0	888	341	0	0	0	720	0	0
195	939	581	0	0	0	0	0	822	0	458	93	82	327	0	0	0	501	0	0	564	0	723	127	0	0	834	944	553	208
0	818	0	0	601	0	455	93	610	817	394	324	0	0	0	0	193	841	191	0	627	0	266	487	0	0	695	775	133	897
0	945	39	862	82	919	0	945	849	0	0	0	0	0	0	282	534	831	241	869	0	0	0	0	845	972	0	0	0	0
504	676	656	0	0	0	0	84	0	627	118	498	601	645	0	865	0	0	16	0	0	119	722	225	380	813	174	340	436	0
0	103	0	0	875	0	0	46	836	587	0	931	0	0	616	0	75	0	0	0	193	0	0	589	122	0	93	0	853	0
37	0	0	0	0	0	189	735	0	490	0	0	819	62	0	0	0	557	435	635	103	0	266	71	0	0	662	0	358	0
0	62	515	478	40	610	103	716	0	204	0	367	926	0	481	858	0	940	583	173	0	0	208	0	0	59	807	0	162	865
0	350	0	0	120	611	0	452	681	0	13	482	0	419	921	0	0	520	0	318	664	0	397	857	0	0	157	574	0	0
468	0	0	0	0	46	557	0	0	0	780	0	0	0	624	294	0	367	604	0	0	0	0	0	0	732	317	397	766	424
848	0	82	1	0	0	715	342	163	0	228	0	458	0	727	896	689	0	0	0	0	0	0	718	0	428	0	678	726	47
0	456	65	265	718	0	0	0	906	0	0	0	0	0	0	0	0	506	0	319	857	478	51	828	842	896	0	0	0	0
0	0	648	85	0	0	133	0	0	0	694	0	0	0	0	14	0	772	2	0	691	541	626	0	195	0	622	0	0	894
0	0	705	0	102	0	0	944	406	642	0	0	281	935	463	0	811	0	882	0	0	0	0	836	666	660	0	0	892	158
0	0	0	43	0	210	697	265	571	322	0	375	0	0	0	0	43	866	767	984	718	0	671	0	0	0	0	469	0	445
381	892	0	0	212	0	601	0	0	141	154	277	0	345	808	0	0	95	0	798	0	0	42	0	167	0	0	296	0	404
0	132	300	0	489	748	245	956	0	315	183	0	535	746	0	309	412	0	336	0	0	0	0	574	0	0	0	345	861	0
0	0	0	127	0	0	0	0	0	0	0	343	752	703	0	0	941	170	641	0	0	0	0	0	89	0	0	86	0	767
226	62	394	0	100	0	569	531	0	459	942	500	807	598	731	695	0	433	0	377	0	267	599	795	170	0	196	0	117	65
0	0	873	718	0	924	538	462	0	693	0	0	509	407	262	0	0	0	970	0	221	0	0	107	202	469	0	370	0	0
0	0	610	0	0	0	415	653	0	0	0	0	0	0	0	0	330	0	0	0	650	686	895	206	0	0	953	0	0	348
0	0	0	920	325	837	0	0	537	151	895	263	617	0	159	0	0	0	301	0	723	0	481	0	0	86	528	0	937	40
67	230	0	0	0	15	0	864	459	338	882	164	0	0	889	0	471	0	0	0	0	922	542	0	34	0	0	0	0	0
530	0	614	0	0	0	0	0	0	0	0	0	612	427	845	0	493	0	810	995	397	622	600	239	0	885	817	0	672	906
0	758	186	309	519	583	0	340	0	505	880	0	0	0	0	0	417	0	0	392	63	167	656	957	0	0	0	0	0	342
0	0	36	492	427	0	0	0	884	0	0	0	0	715	155	0	0	0	0	0	477	395	0	0	103	0	0	0	0	0
0	0	135	645	331	0	716	0	0	354	199	0	802	0	796	502	113	0	61	0	717	0	0	647	0	0	0	127	0	0
730	636	303	807	0	0	981	933	396	0	0	0	0	893	980	0	829	124	0	881	0	0	0	800	401	455	380	0	0	0

0	0	647	77	979	45	923	0	0	497	0	922	0	0	532	0	582	0	0	221	235	95	0	0	905	0	0	0	0	0
536	0	519	0	0	0	149	436	913	579	0	945	86	0	107	425	0	101	0	792	0	751	0	0	0	0	441	702	0	30
508	0	0	0	332	739	0	80	360	0	124	0	708	0	353	0	182	10	0	0	236	838	0	0	610	914	146	212	0	0
0	0	749	0	922	126	0	7	300	0	706	0	0	619	0	0	0	0	0	0	488	352	724	0	0	0	28	0	0	0
0	0	0	0	0	0	0	0	0	0	334	0	607	82	105	0	0	0	0	0	0	0	968	0	823	0	0	0	248	0
0	0	298	0	429	679	47	0	0	615	21	403	0	719	0	0	430	306	563	0	758	948	0	605	432	0	0	0	86	254
455	0	378	652	0	541	59	0	0	0	0	0	745	922	0	451	0	0	0	0	482	93	973	0	0	0	283	114	0	620
0	157	814	719	456	0	0	189	786	431	442	178	0	982	464	348	959	0	145	0	0	646	0	88	0	773	0	0	1	850
0	459	633	0	0	0	305	117	787	0	0	0	623	0	434	0	0	482	0	0	509	778	983	237	556	780	0	0	0	22
123	0	0	684	0	0	0	0	0	0	0	0	405	0	0	0	0	362	290	892	0	0	930	200	609	0	0	72	0	268
312	546	348	121	542	0	255	0	0	780	167	0	424	881	0	289	532	137	587	535	642	0	0	107	0	978	0	556	0	0
0	925	807	0	0	0	380	581	0	0	160	0	0	123	0	410	605	0	142	0	0	0	362	0	0	0	0	223	488	0
0	0	325	0	0	0	61	0	307	146	763	507	0	0	0	220	0	0	482	0	909	10	866	539	0	0	887	0	702	0
759	946	0	404	0	369	42	118	0	0	276	0	655	716	0	744	0	0	0	0	0	294	0	0	444	471	733	0	0	0
338	431	0	0	703	0	151	0	955	725	151	0	0	132	213	932	0	0	357	0	0	437	826	503	398	747	225	814	200	449
0	209	600	727	0	0	397	34	239	648	0	891	191	0	0	0	0	693	177	238	625	0	0	0	721	0	524	769	291	789
0	904	0	421	469	55	647	713	528	681	0	664	0	0	952	0	956	0	594	465	501	0	0	487	0	0	0	43	44	0
166	358	3	296	0	0	0	0	0	438	696	227	0	0	406	0	0	226	464	197	0	0	0	0	904	0	813	326	330	0
0	914	332	261	0	0	0	0	0	82	214	890	537	0	192	857	0	0	0	0	0	0	319	0	880	393	260	493	352	892
0	0	0	313	0	565	74	9	0	507	741	0	0	0	0	422	0	0	450	0	87	0	0	0	846	0	157	423	905	0
218	0	627	0	0	437	572	772	907	849	0	40	0	184	255	0	0	131	860	891	285	0	360	0	445	0	0	921	292	624
554	0	0	0	0	0	0	0	619	0	0	649	0	0	237	0	0	629	802	0	101	176	750	424	0	0	291	0	0	0
0	0	548	527	0	879	50	0	393	0	0	121	0	0	0	367	0	0	0	0	559	0	288	0	0	851	0	0	0	530
0	0	335	0	0	0	491	293	596	0	0	0	0	566	0	0	0	599	0	0	0	0	897	405	0	999	181	0	0	0
783	0	800	0	793	0	0	0	0	0	218	0	750	135	0	239	778	0	361	623	605	135	0	510	922	939	0	630	0	0
0	610	0	500	466	316	12	981	225	0	668	0	676	900	0	828	0	755	492	559	321	721	0	80	0	140	618	411	0	0
0	0	0	0	393	966	0	213	0	0	743	765	984	255	351	883	0	0	743	0	673	0	266	352	0	166	312	0	0	0
0	59	0	645	0	0	0	502	0	62	25	0	46	12	231	0	669	334	0	0	63	0	995	679	432	0	0	0	221	0
445	145	366	0	181	0	0	745	804	765	418	0	0	419	912	270	0	544	0	0	0	0	473	777	42	0	0	125	0	0
0	175	3	0	141	636	0	677	526	0	0	0	151	0	337	243	860	0	840	180	252	968	22	0	825	0	172	760	0	858
