864	0	776	911	0	0	265	988	523	497
0	0	0	0	0	991	488	0	0	913
929	0	516	142	288	0	773	0	0	818
0	931	0	722	0	616	0	0	317	101
747	75	0	870	700	338	483	573	0	0
0	0	0	655	934	0	0	0	0	453
886	533	0	63	824	940	561	0	14	95
736	0	0	0	844	803	0	0	0	626
0	0	888	341	0	0	333	720	891	0
195	0	581	0	0	0	0	0	0	0

458	0	82	0	0	520	0	501	111	0
564	298	723	0	0	0	834	944	553	208
986	0	617	560	0	294	0	93	610	0
394	324	0	0	0	0	193	841	191	33
0	0	0	0	70	0	0	775	0	897
0	0	39	0	82	0	716	945	0	0
0	400	0	0	537	282	534	831	0	0
220	916	695	603	845	0	429	0	0	0
0	676	0	0	938	812	0	0	0	0
118	0	0	645	343	0	0	0	16	749
