0	394	0	911	430	41	265	0	523	497	0	0	802	849	310	991	488	0	0	913
0	223	516	0	288	143	0	0	633	0	0	931	545	722	0	616	0	150	317	101
0	0	920	870	700	0	483	573	103	0	444	323	625	655	934	209	0	565	488	453
886	533	266	63	824	0	561	937	14	95	736	860	0	727	844	803	684	640	1	626
505	0	888	341	249	747	333	720	891	64	195	939	581	227	244	822	990	145	822	556
458	0	82	0	0	520	955	501	111	308	0	298	0	127	560	0	0	944	0	0
986	0	0	0	601	294	0	93	610	817	394	0	0	247	297	188	193	841	191	0
627	672	266	487	70	91	0	775	133	897	153	0	39	0	82	919	716	945	0	553
699	400	857	0	537	282	0	831	241	869	220	916	695	603	845	972	429	593	0	461
504	676	0	0	0	0	365	84	332	627	118	498	601	645	343	865	194	0	0	0
0	119	722	225	380	813	174	340	0	835	63	0	801	149	875	714	0	46	836	587
0	931	0	547	616	696	0	0	127	650	193	620	850	589	122	0	93	379	853	0
37	0	22	199	984	993	189	735	126	490	215	0	819	62	959	695	23	0	435	635
0	855	266	71	226	73	662	308	358	446	184	0	0	0	40	610	103	716	400	204
266	367	926	749	481	858	0	940	583	173	0	688	208	989	785	0	0	692	0	865
0	0	542	0	120	611	943	452	681	179	13	0	0	0	921	582	895	520	939	318
0	365	397	857	673	0	157	0	707	0	468	759	0	343	756	0	0	287	138	245
780	976	0	360	624	294	0	367	604	969	913	648	874	635	135	732	317	397	0	424
848	666	82	1	608	0	0	342	163	245	228	0	458	387	727	896	0	581	895	424
32	0	0	718	581	0	790	678	726	47	169	0	65	265	718	161	0	540	906	498
