0	0	0	0	0	41	0	0	0	497	0	940	802	849	0
991	0	366	0	0	929	223	0	0	288	143	773	97	633	818
256	931	545	722	0	616	0	0	317	101	0	0	0	870	700
0	483	573	103	0	444	323	625	0	934	209	989	565	0	0
0	533	266	63	824	0	0	0	14	0	736	0	408	0	844
0	0	640	0	626	0	0	888	0	249	747	0	0	0	64
0	0	581	0	244	0	0	0	822	0	458	0	0	0	0
520	0	0	111	0	564	298	0	127	0	340	834	944	553	208
0	818	0	0	601	0	0	0	610	817	394	324	0	0	0
0	0	0	0	33	0	672	266	0	0	0	0	775	0	0
0	0	0	0	82	0	0	0	849	0	699	400	0	0	537
0	534	831	241	869	220	916	695	0	0	972	0	593	281	0
0	676	656	717	938	0	365	0	0	627	0	498	601	645	343
0	194	0	0	749	0	119	722	225	380	813	0	340	0	835
63	103	0	0	0	714	0	46	0	0	649	931	958	0	0
