0	394	776	911	430	41	0	988	0	497	0	940	0	849	310	0	488	0	597	0	929	0	0	142	0
0	0	97	633	0	0	0	0	722	0	0	923	0	0	0	747	0	0	870	0	338	483	0	103	0
0	0	625	655	0	0	989	0	0	0	0	0	0	0	824	0	0	0	14	0	0	860	0	727	0
803	0	0	1	626	505	0	888	0	249	747	0	0	891	0	0	939	581	0	0	822	990	145	0	0
458	0	82	0	896	0	0	501	111	308	564	298	723	0	560	340	834	0	553	0	0	818	617	560	0
0	455	0	610	817	0	324	589	0	0	188	193	841	191	33	627	0	266	0	0	91	695	775	0	897
153	0	39	0	0	919	0	945	849	0	699	400	857	0	537	282	0	0	0	0	0	916	0	603	845
972	429	593	281	461	0	0	656	717	938	0	0	84	332	0	0	0	601	645	0	865	194	0	16	749
0	0	0	225	0	0	0	340	0	835	0	0	801	0	875	714	224	0	836	587	649	931	958	0	616
696	0	27	0	0	193	620	850	589	0	400	93	0	853	0	0	0	22	199	984	0	0	735	0	490
215	744	819	62	0	695	0	557	0	635	0	855	266	0	226	0	662	0	358	446	184	0	0	478	40
610	0	716	400	0	266	367	0	0	0	0	0	0	583	0	0	688	0	0	0	0	0	0	162	865
0	350	542	256	0	0	0	452	0	179	0	0	697	419	0	582	0	0	0	318	664	365	0	857	673
256	0	574	707	12	0	0	0	0	756	46	557	287	138	245	780	976	0	0	624	0	0	0	604	0
913	648	0	635	135	0	0	397	0	424	848	0	0	0	0	196	0	0	0	0	228	0	0	0	727
0	0	581	895	0	0	411	0	0	0	428	0	678	726	0	169	0	0	0	718	161	457	540	0	0
929	574	0	0	0	0	39	0	0	0	857	478	51	0	842	0	0	0	425	192	561	0	648	0	857
0	0	15	0	972	694	0	0	3	218	0	734	0	0	0	691	0	626	0	195	121	0	664	203	0
309	286	705	186	102	0	0	944	406	0	0	22	0	0	0	819	811	0	0	0	136	0	0	0	666
0	0	117	892	0	0	0	0	43	41	210	0	265	0	0	0	375	0	581	931	0	0	866	0	984
0	622	0	506	729	659	924	0	0	0	0	0	0	182	0	0	0	0	9	141	0	0	0	345	808
376	735	0	346	798	635	0	0	0	167	0	597	296	369	404	0	0	300	0	0	748	0	0	0	315
183	877	535	0	72	309	0	0	336	306	0	111	0	0	0	0	0	0	861	817	0	831	351	0	490
0	716	509	0	0	309	343	752	0	0	159	941	0	0	0	0	825	0	0	0	67	827	86	0	767
226	62	0	0	100	403	569	531	296	0	942	500	0	0	731	0	0	0	0	377	225	267	0	795	0

0	0	0	0	65	0	0	873	0	28	0	538	0	0	693	206	121	509	0	0	0	656	43	0	0
221	0	0	0	0	0	387	0	559	0	154	0	0	0	151	0	415	653	0	0	898	533	507	0	0
909	330	853	0	0	650	0	0	206	555	0	0	0	0	348	0	0	764	920	0	837	0	0	0	0
895	263	617	802	0	0	0	0	301	0	723	826	0	0	819	0	528	0	937	0	0	230	0	0	0
0	0	864	0	0	0	0	819	0	0	0	471	991	380	0	0	0	0	0	0	587	0	0	0	824
0	0	614	0	764	436	927	0	211	296	0	922	612	427	0	995	0	865	0	0	397	0	600	0	871
885	817	0	0	906	0	758	186	309	519	0	260	0	67	0	0	268	0	0	310	0	0	393	0	0
0	0	0	957	130	244	293	0	0	342	56	0	36	0	0	144	503	0	0	0	734	0	689	715	155
0	361	421	0	0	0	395	469	48	103	0	0	0	20	33	0	632	0	0	0	107	0	562	664	0
0	0	802	795	796	502	0	902	0	0	0	0	629	0	956	345	666	0	0	698	0	0	303	807	869
130	981	933	396	818	300	938	0	893	0	0	0	124	0	881	0	0	39	800	0	0	380	0	0	466
0	0	647	77	0	0	0	0	0	497	0	922	0	0	0	682	582	585	0	221	0	0	0	0	905
0	0	0	514	715	0	430	519	312	0	0	149	436	913	0	432	0	0	0	0	425	0	101	0	0
0	0	977	31	810	457	441	702	0	30	0	941	0	985	332	739	258	0	360	72	124	367	0	30	0
356	0	0	0	997	236	838	374	72	610	0	0	212	0	209	0	689	749	960	0	0	765	0	300	0
0	25	955	619	0	879	0	191	464	115	0	352	724	982	264	0	28	989	213	370	343	484	983	299	0
959	899	981	0	651	334	0	607	82	105	546	594	0	160	0	0	0	968	0	823	228	323	520	0	0
0	0	0	381	429	679	0	0	135	0	0	403	0	719	74	135	0	0	0	0	0	948	0	605	432
0	0	0	86	254	455	0	0	652	0	0	59	0	418	8	0	0	745	0	0	0	208	380	0	975
0	93	0	0	815	111	283	0	0	620	704	0	814	0	0	0	0	189	786	0	442	178	0	982	0
0	959	0	145	363	0	646	652	88	494	773	0	301	0	850	0	459	0	0	0	223	0	117	0	0
308	558	0	0	434	0	0	482	0	694	0	778	983	0	0	780	415	286	647	0	123	276	904	0	0
0	0	0	538	911	595	0	0	455	0	764	0	362	290	892	0	0	930	0	0	87	36	0	0	0
312	0	348	121	542	0	255	912	0	0	0	0	424	0	0	289	0	0	587	535	642	0	544	107	420
978	0	556	0	759	797	925	0	285	0	0	0	0	643	0	160	126	713	123	0	410	0	479	142	0
