864	394	776	0	430	0	265	0	523	497	414	940	802	849	0	0	488	366	597	0
929	223	516	142	0	143	0	97	633	818	256	931	545	722	829	616	0	150	317	101
747	75	920	870	700	338	483	0	103	362	444	323	625	0	934	209	0	565	488	453
886	533	0	63	824	940	561	937	14	95	736	860	0	0	844	803	684	640	1	0
505	0	888	0	0	747	0	720	891	64	195	939	581	227	244	0	0	145	822	556
458	93	82	327	896	520	955	0	111	308	564	298	723	127	0	340	834	944	553	208
986	818	617	0	0	294	455	93	610	817	394	324	0	247	297	188	193	841	0	0
627	672	266	487	0	91	695	775	133	897	153	945	0	0	82	919	716	945	849	553
0	0	857	722	537	282	534	831	241	869	220	0	695	603	0	972	0	593	281	0
504	0	656	717	938	812	365	0	332	627	118	498	0	645	343	865	194	0	16	749
0	119	722	225	380	813	174	340	0	835	63	103	801	149	0	0	0	0	836	587
649	931	0	547	616	696	0	27	127	650	0	0	0	0	122	0	93	379	853	118
37	620	22	199	0	993	0	0	126	0	215	744	0	62	959	695	23	557	435	0
0	0	0	0	226	73	662	0	0	446	184	0	0	478	40	0	103	716	400	0
266	367	926	0	0	0	0	940	0	0	714	688	208	989	785	0	0	0	0	865
165	350	542	256	120	611	943	452	681	179	0	0	697	419	921	582	895	520	0	0
664	365	397	0	673	0	157	574	707	12	468	0	80	343	0	0	557	0	0	245
780	976	493	0	624	0	689	367	0	969	913	648	874	635	135	732	0	397	766	424
0	666	82	1	608	196	715	342	163	245	228	652	458	387	727	896	689	581	895	424
32	411	892	718	0	428	790	678	726	47	169	456	65	265	718	0	457	540	906	0
