864	394	0	911	430	0	0	988	0	497	414	0	802	0	310
0	488	366	597	913	0	0	516	142	0	143	0	97	633	818
0	0	0	722	0	0	923	150	0	0	0	0	0	870	700
338	0	573	103	362	0	323	625	0	934	209	0	565	0	453
886	0	266	63	0	0	0	937	0	95	736	0	408	727	0
0	0	640	0	626	505	0	888	341	0	747	333	720	891	64
195	0	581	227	0	0	0	0	822	0	0	93	82	327	0
520	955	0	0	0	0	0	0	0	560	0	0	0	0	0
0	818	0	560	601	0	0	0	610	0	394	0	0	0	0
188	0	0	191	0	0	672	266	0	0	91	0	775	133	897
153	945	39	0	82	0	0	0	0	553	699	0	857	722	0
0	534	0	0	0	220	916	695	0	0	972	429	0	0	461
504	676	0	717	0	812	365	84	332	0	0	498	601	0	0
0	0	248	16	749	0	119	0	0	380	813	0	340	0	835
63	103	801	149	0	0	0	0	0	0	649	0	0	547	0
