864	0	0	0	430	41	265	988	523	497	414	0	0	849	310
991	0	0	597	913	0	0	0	142	0	0	773	97	633	818
0	0	0	722	0	0	0	0	0	101	0	75	920	870	0
0	483	0	0	0	444	323	625	655	0	0	989	0	0	453
0	0	266	63	0	940	561	0	14	0	0	0	0	727	844
0	0	0	1	626	505	847	888	341	249	747	0	720	891	0
195	939	0	0	0	0	990	145	822	556	458	0	82	0	896
520	0	0	111	0	564	298	0	127	560	340	0	944	0	208
0	818	617	0	601	0	455	93	610	817	0	0	0	0	0
0	193	841	0	33	627	672	266	0	0	0	695	0	0	0
153	0	39	0	0	0	0	0	0	0	0	400	857	0	537
282	0	0	241	0	0	0	0	0	845	0	0	0	281	0
504	676	656	717	0	812	0	84	332	627	0	0	601	645	343
0	194	248	0	0	277	0	0	0	0	813	174	340	0	0
63	103	0	149	0	0	0	0	836	587	649	931	0	0	616
