864	0	0	0	430	0	0	0	0	497	0	940	0	0	310	0	0	0	597	913	0	0	0	142	288	143	0	97	0	0	0	931	0	0	829	0	0	0	317	0	0	0	920	0	0	338	483	0	103	362
444	323	625	655	0	0	989	0	0	453	886	533	266	0	0	940	561	937	14	0	0	0	0	727	0	0	684	640	0	626	505	847	0	341	0	747	333	720	891	64	0	0	0	0	0	0	0	0	0	556
458	93	0	0	896	0	955	501	0	308	564	298	723	0	560	340	0	944	553	208	0	818	0	0	601	0	0	0	0	817	394	324	0	0	297	0	0	841	191	0	0	0	0	0	0	91	695	775	133	0
153	945	39	0	82	0	0	945	0	553	0	0	0	0	537	0	0	0	0	869	0	916	0	603	845	0	0	0	281	0	504	676	656	0	938	0	0	84	0	0	0	0	0	0	0	865	0	248	16	0
277	0	722	225	380	813	0	340	0	0	0	103	801	0	0	0	224	0	836	0	0	931	0	0	616	0	0	27	127	650	0	620	0	0	122	400	0	379	853	118	37	0	0	0	0	0	0	735	126	0
215	0	0	62	959	695	23	0	435	635	103	855	266	0	0	0	0	0	0	0	184	62	0	478	40	0	0	716	0	0	266	367	0	749	481	0	923	0	583	173	0	0	208	989	785	59	807	692	162	0
165	350	542	256	120	0	0	452	0	179	0	482	697	0	921	0	895	0	0	0	0	365	397	0	673	0	157	574	0	12	468	759	0	343	0	46	557	0	0	245	0	0	493	360	0	294	689	0	0	0
0	648	0	635	0	732	0	0	766	424	0	666	82	1	608	196	0	0	0	245	0	0	0	387	727	0	689	581	0	424	32	0	0	0	0	428	790	678	0	0	0	456	0	265	0	161	0	0	0	498
929	574	0	773	0	0	0	506	0	0	0	0	51	0	0	0	997	0	425	0	561	0	648	85	857	0	0	15	411	972	0	0	323	0	0	0	0	0	0	842	0	0	626	0	0	121	0	0	203	894
309	286	705	186	102	487	0	944	406	642	0	22	0	935	463	819	0	0	0	262	136	669	0	0	666	0	0	0	892	0	0	0	19	43	41	0	697	265	571	322	0	0	0	581	931	0	43	866	0	0
718	622	671	0	0	659	924	469	655	445	0	892	550	0	212	384	601	0	0	141	154	277	0	0	808	376	0	0	0	0	635	0	0	276	167	153	0	296	0	404	0	132	0	117	0	748	0	956	0	0
183	877	535	0	0	309	412	0	0	0	424	0	0	574	930	492	485	0	0	0	0	0	351	127	0	0	716	509	0	0	309	343	752	703	0	0	0	0	0	0	0	825	0	0	0	67	827	86	202	0
0	0	0	0	100	403	569	531	296	0	0	0	0	0	0	695	222	0	0	377	225	267	0	795	0	441	0	0	117	0	0	884	873	718	28	924	538	462	770	0	206	0	0	407	0	0	656	0	0	0
221	638	149	107	0	469	0	0	559	0	154	0	0	499	151	577	415	653	0	0	0	533	507	0	0	0	0	0	0	0	0	686	895	0	0	0	0	224	9	0	722	985	0	920	325	837	329	0	537	151
895	263	0	0	159	862	388	0	0	735	723	0	481	0	819	86	528	889	937	40	67	230	133	41	307	0	777	864	459	0	882	0	819	152	889	0	471	0	0	0	391	0	0	0	0	587	92	694	813	824
0	776	614	0	764	436	0	0	211	296	0	0	612	427	845	995	0	865	0	0	0	622	0	239	0	885	817	20	672	906	0	758	186	309	0	583	0	340	0	505	880	0	0	0	0	791	417	0	0	392
0	0	656	957	0	244	0	0	0	342	0	964	0	0	427	144	503	0	0	616	0	83	689	0	0	0	361	421	36	626	0	395	0	0	103	0	796	0	0	0	0	632	135	645	0	107	716	562	664	354
199	0	0	795	796	502	0	0	0	0	717	0	0	0	0	345	0	0	0	698	0	0	0	807	0	0	981	0	396	0	300	0	0	893	980	697	0	124	0	0	804	0	39	0	401	0	0	0	195	0
0	808	0	0	979	0	923	0	0	497	261	0	27	0	532	0	0	0	896	221	0	0	794	839	0	0	642	0	0	0	536	430	0	0	0	116	149	0	913	579	432	0	86	958	107	425	0	101	425	792
159	751	977	0	0	457	441	0	427	0	0	0	0	985	332	739	0	80	360	72	0	0	0	30	0	356	0	0	850	997	0	0	0	72	610	0	0	212	3	209	674	0	749	960	0	0	765	7	0	377
706	25	0	0	0	0	0	0	0	115	0	0	0	0	264	133	28	989	0	0	0	0	983	0	0	959	899	981	0	0	334	188	0	0	105	0	594	315	0	385	0	150	968	0	0	228	0	520	248	242
772	188	0	381	429	0	47	0	135	615	21	0	0	719	0	0	0	0	0	0	758	948	0	605	0	305	652	0	0	254	455	647	0	652	971	541	59	0	418	8	0	985	0	0	328	0	0	380	0	975
482	93	0	0	0	111	0	114	571	620	0	157	814	0	456	0	408	189	0	431	0	0	0	982	0	0	959	535	145	0	473	0	652	88	494	0	0	301	1	850	0	459	0	473	7	0	305	117	787	644
308	0	623	159	434	723	0	482	94	694	0	778	983	237	0	0	415	0	647	0	123	276	0	684	41	0	0	0	538	911	595	0	405	455	104	764	0	0	290	892	0	688	0	200	609	87	0	72	0	268
0	546	348	121	0	0	0	0	0	780	167	0	424	0	0	289	532	0	0	0	642	0	0	107	0	0	649	556	413	0	797	0	0	0	0	452	380	581	643	141	0	0	0	0	390	0	0	479	0	0
0	0	0	647	484	0	0	0	488	500	711	513	325	504	667	0	0	454	307	146	0	0	53	908	636	0	26	0	0	0	0	0	866	0	68	703	0	83	702	0	759	946	685	0	0	369	42	0	635	3
276	894	0	716	0	0	0	0	0	769	586	294	0	0	444	471	733	0	0	0	0	431	0	0	0	0	0	0	0	725	151	536	323	0	213	932	191	0	0	808	0	437	0	503	0	0	225	0	0	0
0	209	600	727	0	927	0	0	239	648	0	0	0	0	58	760	0	693	0	0	0	0	627	0	0	0	0	769	0	789	898	904	0	0	0	0	0	0	528	681	979	0	977	0	952	0	956	440	594	0
501	260	721	487	220	345	0	43	44	0	0	0	3	296	670	0	143	0	805	0	0	227	993	0	0	571	0	226	464	0	347	0	0	0	0	0	813	326	330	548	0	0	0	0	0	534	0	0	377	0
0	890	537	354	0	857	206	257	688	0	753	308	319	529	0	393	260	0	0	0	729	245	0	313	0	0	74	9	471	507	741	448	0	0	0	0	0	0	450	120	87	0	246	0	0	783	157	0	905	0
0	451	0	78	0	0	572	0	0	849	0	0	0	0	255	501	225	0	860	891	0	956	0	0	445	109	0	921	0	624	554	807	206	0	0	0	0	526	619	0	0	0	267	279	0	16	121	629	0	0
0	176	750	424	254	0	291	0	753	0	0	759	0	0	0	879	0	124	393	0	0	121	0	0	578	0	0	691	0	720	0	676	288	226	0	851	923	0	66	0	314	0	0	239	382	0	0	0	596	175
0	829	15	0	0	335	0	599	650	0	0	132	0	405	0	0	0	0	78	138	783	211	800	937	0	0	0	0	0	0	0	0	750	135	0	239	0	0	361	0	0	0	644	0	922	0	0	630	853	26
0	610	0	500	0	316	0	0	0	0	668	0	676	900	506	0	0	755	492	0	0	721	0	80	0	140	618	411	720	0	0	0	0	298	0	0	60	0	39	0	0	0	984	255	0	0	451	684	743	675
673	231	0	352	687	0	312	0	0	0	0	59	0	0	154	361	22	0	0	62	25	0	46	0	231	0	0	0	68	840	63	0	995	679	0	0	0	944	0	459	445	0	366	319	181	0	336	745	0	765
418	0	9	0	912	0	0	544	823	0	703	721	0	0	0	578	0	125	0	0	399	175	0	512	0	0	0	0	526	0	0	0	0	81	0	0	0	848	0	180	252	968	0	0	0	0	0	0	806	858
700	0	172	0	80	437	949	885	0	0	0	0	468	0	153	0	616	0	0	348	0	0	0	0	0	0	954	910	37	0	0	0	0	687	0	0	241	519	364	166	0	771	414	0	276	822	0	967	402	0
318	543	922	0	563	480	1000	35	791	544	0	0	0	0	0	39	0	0	0	0	0	354	0	52	0	279	757	0	260	0	696	595	0	0	951	0	0	0	212	780	541	528	0	0	0	995	0	213	118	0
337	0	991	0	0	248	600	0	0	545	0	0	0	166	0	888	0	0	0	0	0	0	0	0	835	0	578	159	0	0	371	0	0	300	330	0	801	413	0	0	0	0	807	144	582	44	0	128	0	951
9	0	0	0	931	0	0	838	0	0	0	0	626	192	71	562	0	434	285	972	0	0	542	173	0	674	654	161	0	112	964	0	647	0	556	619	0	0	0	0	0	291	13	0	0	0	0	287	968	264
0	0	0	0	0	194	0	801	0	810	0	0	6	0	0	159	803	0	0	945	800	576	393	369	475	0	37	0	934	0	0	628	817	0	0	233	921	0	370	0	963	0	0	199	646	0	0	716	0	0
748	752	255	0	913	247	0	0	0	776	948	430	0	0	0	242	0	730	0	0	0	916	0	0	721	0	980	192	0	0	945	66	950	0	0	404	962	278	258	0	902	775	0	0	0	0	92	314	30	0
0	0	256	207	0	407	395	446	0	650	0	689	0	713	901	842	39	596	0	0	0	582	129	0	727	285	335	841	24	407	485	943	0	138	0	83	0	885	355	0	4	0	0	0	113	0	553	482	44	322
0	861	0	0	0	25	322	0	926	0	0	0	281	416	0	145	0	0	0	0	0	523	0	166	0	0	137	0	0	0	0	0	782	0	0	747	843	532	44	0	568	0	762	714	646	396	0	184	0	819
0	832	84	0	0	178	0	0	0	819	0	335	0	725	259	0	265	0	0	467	0	0	774	0	0	0	0	0	647	0	181	656	0	0	0	0	0	0	969	0	197	663	0	0	0	0	0	0	534	0
0	341	934	670	0	487	0	0	0	0	84	0	530	351	0	0	0	81	0	0	622	0	583	0	343	853	387	524	0	861	0	651	0	139	0	0	0	0	751	0	0	345	907	0	0	0	0	660	63	0
318	815	0	933	53	0	785	0	728	172	0	940	855	949	79	418	55	0	363	0	0	635	0	261	0	0	576	869	823	464	0	185	0	464	0	270	195	0	396	65	366	0	0	26	0	0	0	413	0	707
669	918	0	0	467	809	567	763	0	711	507	0	82	0	52	0	0	0	0	802	0	0	268	0	663	528	98	0	0	82	0	367	978	0	0	0	33	157	0	528	0	824	0	0	0	0	0	0	160	967
561	712	150	164	178	0	942	162	0	696	0	965	899	956	0	336	968	24	494	0	909	0	0	407	0	0	246	650	0	336	0	989	243	0	0	167	0	0	474	0	0	578	141	395	0	789	13	166	952	597
5	0	0	0	0	0	0	19	0	843	331	0	0	0	48	0	947	0	0	626	0	797	0	0	0	388	0	27	0	446	0	935	702	340	0	253	944	141	0	0	0	0	0	0	132	0	579	674	0	989

98	441	917	0	251	482	0	0	0	0	245	0	0	0	942	595	70	855	0	282	0	0	380	0	0	0	626	0	485	0	0	282	41	625	0	0	817	0	987	641	109	0	898	873	49	0	0	401	0	0
431	0	0	999	402	0	0	0	0	0	618	0	165	0	348	0	0	0	0	0	0	0	0	515	0	0	377	353	0	643	366	784	0	645	0	771	55	0	0	0	0	181	0	597	332	303	0	649	42	298
0	0	0	0	0	275	384	0	0	355	0	0	0	627	365	0	31	0	590	0	0	77	657	727	0	697	79	796	0	0	0	0	141	173	0	212	0	0	30	0	138	0	0	0	0	903	0	753	294	733
812	343	700	121	0	985	0	0	858	0	791	883	268	920	0	0	0	513	0	0	0	711	148	0	385	757	0	568	312	240	0	0	0	0	0	971	0	0	0	987	419	0	0	100	699	996	157	151	0	0
0	649	0	0	0	0	0	0	0	0	0	209	610	659	0	0	113	273	705	0	629	172	384	87	812	0	0	118	913	0	836	739	492	0	110	692	0	0	598	0	0	682	498	831	794	234	0	162	575	564
0	916	79	799	0	0	942	0	172	0	847	658	0	0	0	0	418	622	676	213	0	725	700	414	0	0	0	0	941	397	0	0	451	578	0	0	384	951	821	88	0	602	0	342	0	518	894	0	0	0
0	104	275	0	519	0	0	660	0	484	0	185	235	0	373	0	309	872	623	851	938	0	0	70	0	0	489	402	579	0	419	569	0	271	493	0	834	0	303	0	368	831	96	0	0	0	0	842	0	0
0	572	0	0	33	882	414	571	0	773	0	502	731	0	0	0	0	0	0	0	0	351	0	0	0	5	247	232	0	858	0	0	0	0	507	0	969	0	0	948	0	0	79	312	587	432	231	756	0	986
390	0	0	0	237	0	0	204	0	794	492	675	0	0	0	0	393	627	0	851	0	122	0	363	0	889	482	234	0	0	382	0	937	367	442	284	367	0	0	785	0	731	0	0	107	0	925	298	0	0
0	0	955	0	0	0	0	0	346	511	234	0	0	0	0	0	475	0	0	958	1000	579	0	0	225	691	408	514	0	0	238	0	0	700	1	94	0	0	403	0	0	0	0	990	0	49	589	789	0	0
0	269	0	0	334	182	115	0	816	715	372	0	0	0	44	0	391	0	4	0	0	841	619	0	0	0	204	0	758	477	0	0	0	532	918	636	0	425	68	549	0	0	0	0	950	425	391	0	0	0
0	0	390	0	0	0	630	977	0	29	596	355	720	376	846	0	693	464	656	0	0	529	94	0	0	0	731	0	0	0	708	145	635	0	674	0	0	0	0	0	675	0	0	0	0	512	123	0	108	0
932	0	127	0	0	0	481	182	465	0	0	131	426	0	0	80	578	517	0	839	841	0	239	0	254	0	492	793	0	0	0	457	740	0	6	0	414	0	0	0	456	229	439	246	0	488	0	0	233	451
0	368	0	497	613	954	0	0	0	0	534	0	0	0	307	0	530	646	689	125	968	60	0	351	37	0	890	636	824	164	0	0	479	0	0	0	421	0	196	0	400	0	0	0	0	0	984	347	0	778
698	0	0	0	0	0	0	0	945	555	729	871	608	0	444	0	648	705	632	0	0	679	584	951	218	612	0	0	0	499	0	0	863	0	569	748	0	0	0	0	0	0	453	895	690	0	0	676	700	0
882	0	775	528	435	946	661	649	0	0	0	0	505	0	0	0	381	0	863	0	0	448	0	449	679	325	866	0	68	0	0	772	0	0	0	0	0	0	973	0	724	553	0	0	0	721	0	0	415	212
89	874	422	599	583	0	809	421	553	0	648	4	0	0	139	0	658	0	0	0	389	0	550	0	80	0	993	748	504	770	15	208	0	631	0	0	0	85	762	0	0	827	244	0	991	886	0	0	884	981
0	376	157	476	264	0	607	0	285	0	0	224	0	0	763	518	0	347	233	0	604	270	0	0	45	158	0	641	598	0	0	0	0	0	490	0	0	0	746	0	24	119	0	0	680	958	0	136	0	0
0	31	121	722	0	0	32	0	278	0	0	0	352	298	0	0	0	0	194	762	844	554	0	0	346	527	0	0	0	929	507	0	22	0	0	0	0	0	0	101	628	574	427	978	809	776	69	257	0	106
533	76	0	0	0	0	0	0	0	800	0	355	99	571	856	0	0	181	710	679	984	0	408	206	623	0	763	449	356	161	275	738	0	916	356	997	0	872	205	221	0	848	321	131	283	0	680	0	0	0
0	676	0	335	315	893	0	800	972	331	0	86	626	0	299	0	0	170	0	0	206	0	0	354	0	459	91	424	514	0	0	0	125	0	0	0	331	0	303	246	643	447	0	0	0	32	0	0	0	653
865	275	0	0	999	677	0	324	0	0	0	0	0	0	0	0	0	0	529	143	265	611	57	804	397	0	287	596	0	259	973	320	0	0	545	501	910	459	725	0	0	0	173	0	0	0	0	827	0	392
31	244	0	0	0	0	0	925	0	983	0	15	914	771	370	538	423	0	539	0	0	288	274	0	441	482	0	0	0	0	168	726	0	0	0	0	0	0	154	226	0	0	0	148	0	0	256	557	0	0
0	884	0	739	0	947	0	0	0	0	0	0	573	0	0	0	0	0	172	0	253	0	0	306	817	0	0	814	0	759	21	739	471	0	926	867	204	63	421	171	390	517	0	0	394	546	538	505	105	129
0	0	545	11	0	0	0	83	10	0	0	248	763	405	461	0	282	422	996	353	677	0	0	743	0	0	780	0	0	248	758	0	0	0	779	874	0	0	828	68	0	456	0	461	0	0	0	0	0	0
614	641	0	521	0	13	0	0	359	0	0	375	0	0	304	513	657	704	259	0	23	490	826	751	0	853	875	204	0	406	347	0	308	450	142	0	838	0	0	0	0	934	339	0	0	653	0	0	405	592
410	712	0	0	305	0	834	0	578	863	0	0	441	0	271	526	0	521	0	0	0	529	774	0	0	0	933	0	856	846	663	0	939	349	0	0	308	0	928	666	539	0	0	747	198	991	0	0	0	70
0	0	611	105	876	262	0	965	0	845	894	0	962	917	189	632	177	0	988	0	0	624	0	0	0	0	672	0	21	0	938	0	0	0	0	0	0	0	0	0	842	511	756	371	0	363	89	0	0	0
118	0	25	786	176	0	608	0	279	0	0	213	891	0	0	0	0	0	814	183	0	673	0	626	0	517	417	0	0	963	932	0	232	927	0	55	446	0	618	32	0	0	663	0	138	0	0	0	317	0
0	938	641	0	846	633	0	731	0	347	994	0	323	0	0	280	0	1000	492	0	934	338	276	917	661	79	0	823	772	0	0	0	524	0	0	731	414	622	458	0	0	0	0	0	429	0	0	0	672	832
0	0	0	115	598	791	0	858	190	0	986	493	301	0	746	102	701	0	0	0	282	803	0	650	0	521	845	548	821	0	8	41	0	15	997	0	0	0	0	125	0	394	802	492	907	0	0	647	0	143
0	0	0	0	0	0	0	49	214	422	936	0	0	0	48	0	800	408	135	0	748	0	0	0	414	0	0	0	0	0	0	0	0	0	0	0	574	964	923	0	659	212	602	978	172	850	91	0	0	294
0	258	0	412	0	9	885	0	882	0	536	792	796	71	897	0	654	291	158	0	144	852	0	519	137	0	0	0	340	0	0	0	0	0	0	0	0	0	0	0	381	0	0	461	339	698	496	481	548	0
0	82	323	0	392	0	0	0	0	564	0	0	0	0	224	0	659	409	848	895	523	0	151	0	72	146	159	35	0	660	578	118	0	69	536	274	578	0	360	960	681	890	0	0	411	0	834	0	0	0
0	0	0	524	0	0	0	0	0	742	393	800	1000	0	0	811	0	7	0	588	78	486	0	0	445	0	0	249	0	24	0	0	114	997	0	0	0	40	965	0	0	349	275	497	0	0	0	0	969	0
1	0	663	788	241	670	670	488	0	742	0	0	699	0	867	845	803	0	164	0	44	0	0	0	538	0	0	168	0	394	712	0	0	0	0	0	0	0	27	724	0	638	0	845	999	686	177	626	0	322
592	0	0	0	0	0	885	643	0	524	0	0	242	0	390	0	0	216	0	0	0	549	601	0	950	906	380	964	466	0	0	345	0	0	149	329	249	147	0	778	0	0	177	0	0	727	0	0	915	944
457	491	209	708	0	614	0	0	0	0	821	0	553	508	926	0	0	399	0	524	0	0	864	416	0	748	0	44	196	979	0	618	0	167	867	0	469	82	0	0	0	705	498	0	0	0	0	0	0	0
0	0	0	394	55	0	936	0	0	0	0	0	0	272	629	737	0	448	316	0	920	424	873	0	0	383	0	968	0	91	743	82	0	809	643	0	0	17	0	675	596	0	0	0	0	836	610	0	922	0
240	20	0	807	97	0	0	0	319	93	0	602	891	0	0	131	790	913	589	964	949	0	0	543	0	0	0	0	284	302	162	930	188	0	974	0	140	133	0	0	264	507	807	310	0	0	630	0	209	0
139	0	0	0	0	997	0	186	0	891	602	0	0	0	674	0	0	0	0	834	0	0	83	919	0	716	0	872	0	0	0	810	0	0	225	0	915	0	843	212	758	591	691	3	428	130	148	0	0	42
0	0	0	0	685	178	0	0	680	0	453	0	963	664	0	751	0	691	0	0	0	358	0	0	0	0	602	992	289	0	292	0	0	0	0	384	0	977	604	930	0	97	0	0	141	732	0	0	0	471
0	432	267	917	751	549	0	0	0	181	0	70	271	451	0	0	385	524	0	0	0	0	399	753	739	393	562	0	0	726	0	0	0	0	671	0	0	631	454	0	779	589	425	0	0	0	400	0	99	0
411	124	518	0	477	0	0	171	0	0	0	0	0	0	387	0	71	0	0	561	0	538	0	223	0	0	196	946	0	0	525	0	618	0	0	0	0	0	635	0	615	0	885	0	934	0	688	819	482	0
0	0	0	29	0	0	787	807	0	718	0	35	0	202	0	0	0	698	0	845	7	146	242	0	0	93	0	0	0	0	296	401	336	755	737	959	0	918	731	0	0	0	0	629	127	846	0	379	627	0
0	0	235	881	139	0	943	0	245	0	18	496	0	0	529	0	0	379	756	693	149	118	520	0	327	0	742	77	368	0	830	861	0	0	302	0	0	0	0	0	755	387	0	36	146	0	0	0	0	0
158	0	192	0	0	501	0	159	599	0	897	0	0	0	0	216	119	964	161	0	0	0	0	549	0	959	183	859	0	306	768	481	0	87	0	375	662	948	100	103	506	251	532	43	30	0	727	0	0	603
88	0	0	266	754	0	263	0	575	812	385	166	243	0	124	0	0	595	0	745	798	530	0	977	0	665	955	643	0	13	231	0	0	615	0	785	0	0	0	0	0	0	0	781	0	0	606	635	181	69
0	286	0	0	637	479	0	0	0	592	0	0	0	76	144	0	0	0	0	340	0	0	417	399	927	22	303	0	0	0	0	91	0	0	147	253	893	0	218	0	327	997	895	0	783	256	0	592	0	0
132	0	0	0	583	671	0	397	0	0	0	0	455	664	0	276	0	820	0	0	0	0	0	86	376	0	0	26	0	0	658	0	0	0	0	789	0	0	0	790	434	479	0	0	582	0	529	0	164	857
