0	0	0	911	430	41	0	988	0	0	0	0	0	0	0	0	488	0	0	0	929	0	0	0	288	0	0	0	0	0	0	931	545	0	0	0	0	0	0	101	0	0	0	0	0	338	483	0	0	0	444	0	0	655	0	0	0	0	488	453	886	0	0	0	0	0	561	937	14	0	736	860	0	0	0	0	0	0	0	0	0	0	0	0	249	747	0	0	891	0	0	0	0	0	0	822	0	0	0	556
0	0	0	0	0	0	955	0	0	0	0	0	0	0	0	0	0	944	0	0	0	0	617	0	0	0	0	0	610	817	0	0	0	247	0	188	0	841	0	33	0	0	0	0	0	91	695	0	133	0	153	0	0	0	0	0	0	0	0	553	699	0	0	0	0	0	0	831	241	0	0	916	0	0	0	972	0	0	281	461	0	0	0	717	0	812	0	0	0	0	0	0	0	0	0	0	194	0	0	0
277	0	0	225	0	0	174	0	436	0	0	103	801	0	0	0	0	0	0	587	649	0	0	547	616	0	75	0	0	650	0	0	0	0	0	0	0	0	0	118	0	0	0	0	0	0	0	735	0	0	0	0	0	0	0	695	0	0	0	0	0	0	0	0	226	0	0	0	0	446	0	0	0	0	0	0	0	0	400	0	266	367	926	749	0	0	0	0	0	0	0	0	0	0	0	59	0	0	0	0
0	0	542	0	0	611	0	0	0	0	13	0	0	0	0	0	895	0	0	0	664	365	0	0	0	0	157	574	707	0	0	0	0	0	756	0	0	287	0	0	0	0	0	360	0	0	0	0	604	0	0	0	0	0	0	0	0	0	0	424	0	0	0	0	0	0	0	342	0	0	0	0	458	0	0	896	0	0	0	424	32	411	892	0	0	0	0	0	726	0	169	0	0	265	718	0	0	0	906	498
0	574	0	0	0	905	0	506	333	0	857	0	0	0	0	0	0	0	0	0	0	0	0	0	0	0	0	0	0	0	0	0	0	0	0	0	0	772	0	0	0	541	0	0	0	0	0	0	0	0	0	0	0	186	0	0	0	944	0	0	0	0	281	0	0	0	0	0	0	0	0	669	0	0	666	0	0	0	0	158	0	0	0	0	0	0	0	0	0	322	0	0	0	0	0	0	0	0	0	0
718	0	0	0	0	0	0	0	655	0	381	0	0	0	212	0	0	0	0	141	0	0	0	0	0	0	0	0	346	798	0	0	0	0	0	153	0	0	0	0	0	132	0	0	489	0	245	0	49	315	0	877	0	0	0	309	0	0	0	0	0	0	0	574	0	0	0	0	0	0	0	0	0	0	0	0	0	0	0	0	0	343	752	0	0	0	0	170	0	578	0	825	0	0	89	0	0	0	202	0
0	0	0	0	100	0	0	0	0	459	0	500	0	598	731	0	0	0	0	0	0	0	0	795	0	0	0	0	117	0	0	0	0	0	0	0	0	0	0	0	0	121	0	0	0	0	656	0	970	0	0	638	0	0	202	0	0	0	0	0	154	0	0	0	0	0	415	0	0	0	0	0	0	0	0	0	0	0	0	0	650	0	0	0	0	624	0	0	0	0	0	0	764	0	0	0	0	0	0	0
0	263	0	0	159	0	0	0	0	0	0	0	0	0	0	0	528	889	0	0	0	230	0	0	307	0	0	0	0	0	0	0	0	0	0	0	0	0	380	0	0	922	0	0	0	587	0	0	813	0	0	0	0	78	764	0	0	0	0	0	0	0	612	0	0	0	0	0	0	0	0	0	0	0	0	885	0	0	0	0	0	0	186	0	0	0	260	0	0	0	880	0	0	0	0	791	0	0	829	0
0	0	0	0	0	244	0	0	0	342	0	0	36	0	0	0	0	0	884	0	0	0	0	0	0	0	361	0	0	0	0	395	0	0	103	0	0	0	0	0	0	0	0	0	331	0	0	0	0	354	0	0	802	0	0	0	113	902	61	624	717	0	0	0	0	0	0	127	992	0	0	636	303	0	0	0	0	0	0	0	0	938	0	0	0	0	0	0	0	0	0	0	39	0	0	0	380	0	0	0
365	0	0	77	979	0	923	0	0	0	0	0	0	967	0	0	0	0	0	0	0	0	0	0	905	0	0	0	0	0	0	0	0	0	0	0	0	436	0	579	432	0	0	0	0	0	64	0	0	0	0	0	977	0	810	0	0	0	0	0	0	0	0	0	0	0	0	80	0	72	124	0	0	0	0	0	0	0	0	0	0	0	0	0	610	0	0	0	0	0	0	0	0	960	0	0	765	0	0	0
0	0	0	0	0	0	0	0	464	0	0	0	0	0	0	0	28	989	0	0	0	0	0	0	303	0	0	981	566	651	0	0	0	0	0	0	594	0	160	0	0	0	0	0	0	0	0	0	248	0	772	188	0	0	0	0	0	0	0	615	0	0	79	719	0	0	0	306	0	0	0	0	0	605	0	0	0	0	0	0	0	0	0	0	971	0	59	385	0	8	0	985	0	0	0	0	0	0	0	0
482	0	0	189	0	111	0	0	0	0	0	0	0	0	456	950	0	0	0	0	442	0	0	0	0	0	0	0	0	0	0	646	652	0	494	0	208	0	0	0	0	0	0	0	0	0	0	0	787	644	0	558	0	159	434	723	0	482	0	0	509	0	983	237	0	0	415	0	0	0	0	0	904	684	0	0	0	0	0	911	0	727	0	0	0	0	0	362	0	0	773	0	0	0	0	0	0	0	0	0
0	0	0	0	0	880	0	0	0	0	0	69	424	0	0	0	532	137	0	0	0	0	544	0	420	978	0	0	413	759	797	0	0	0	299	0	0	581	0	0	0	0	0	123	390	0	0	0	142	573	0	0	362	0	0	760	0	0	0	0	0	0	325	0	667	0	0	454	0	0	0	0	0	0	0	0	0	0	0	0	0	10	0	0	0	703	887	83	0	0	0	946	685	0	0	0	42	118	0	0
0	0	655	0	0	0	922	0	0	0	0	0	0	107	444	471	733	0	0	0	0	0	0	918	0	0	0	458	0	725	0	0	0	0	0	0	0	0	0	0	0	0	0	503	0	0	225	814	0	0	0	0	0	0	0	0	0	0	0	0	0	0	0	0	0	0	0	0	0	0	0	0	0	0	721	0	524	0	0	0	0	904	0	0	0	0	647	713	0	681	0	664	0	0	0	0	0	0	0	0
501	0	721	487	0	0	0	43	0	0	0	0	0	0	670	0	0	0	0	0	0	0	0	623	0	0	943	226	0	0	0	0	0	0	0	0	813	0	0	0	0	0	0	0	0	0	0	0	377	82	0	890	537	0	0	0	0	0	0	0	0	0	0	0	0	0	0	0	0	0	729	245	0	0	956	0	0	9	0	0	0	0	0	939	0	0	0	0	0	0	87	0	246	101	846	0	0	0	0	0
0	0	627	0	0	0	0	0	0	0	0	40	981	0	255	0	0	0	0	0	0	956	0	0	0	0	0	0	292	624	0	0	206	0	0	0	0	526	0	0	0	0	267	0	0	0	0	0	0	0	101	0	0	0	0	0	0	0	0	0	0	0	548	527	0	0	0	0	0	0	0	0	0	0	0	0	0	0	0	0	559	0	288	0	0	0	0	0	0	0	314	690	0	239	0	643	0	0	0	175
0	829	0	0	0	0	0	0	0	0	0	0	897	405	0	999	0	0	0	0	0	0	0	0	0	0	0	0	712	0	0	0	0	135	835	0	778	393	0	623	0	135	0	0	0	0	0	0	853	0	539	0	367	0	466	0	0	0	0	0	0	0	0	0	0	0	0	755	0	0	0	0	868	0	0	0	618	0	720	0	841	0	0	0	0	966	60	0	0	322	743	765	0	0	0	0	0	0	743	0
0	0	0	0	687	166	0	0	0	0	0	59	0	0	0	0	22	0	642	62	0	0	46	0	231	0	669	0	0	0	0	0	0	0	0	0	0	0	0	0	0	145	0	0	181	664	0	0	0	0	418	0	9	0	912	0	0	0	0	753	703	0	0	777	0	0	943	0	0	0	0	0	3	0	141	0	0	0	526	0	0	0	0	0	0	0	0	0	840	0	0	0	0	0	0	0	0	0	806	0
0	0	172	0	80	0	0	885	0	0	0	0	0	0	0	629	616	0	0	348	825	0	0	0	0	640	0	0	37	0	0	0	0	0	0	0	0	0	0	0	753	0	0	345	0	0	0	967	0	0	0	0	0	0	563	0	0	0	791	544	0	0	0	0	0	39	0	404	738	0	413	0	0	0	21	0	0	0	0	0	696	0	0	0	0	296	0	0	0	0	541	0	0	0	0	0	0	213	0	0
337	0	0	0	0	0	600	0	737	0	0	896	0	0	0	0	0	0	0	0	0	839	0	0	0	0	0	0	0	0	0	0	640	0	0	506	0	413	0	441	0	1	0	0	0	0	0	0	0	0	0	971	0	0	0	969	0	838	0	797	0	0	626	0	0	0	0	0	0	0	850	0	542	0	64	0	0	161	0	0	964	516	0	815	0	0	0	772	0	0	0	0	0	0	0	839	0	0	968	0
0	0	0	325	0	0	722	0	0	0	0	865	0	0	0	159	0	0	0	945	0	0	393	0	0	0	0	0	934	421	0	0	0	823	0	0	0	0	370	0	963	0	696	199	0	0	0	0	0	0	0	752	0	0	0	247	0	0	0	776	948	0	79	0	0	0	761	0	460	0	0	0	0	0	0	0	0	0	0	0	0	0	0	0	0	0	0	278	258	0	902	0	0	0	624	0	92	0	0	0
0	780	0	207	0	0	0	0	794	650	640	0	0	713	0	0	0	0	0	0	849	0	0	0	727	0	0	0	24	0	485	0	534	0	0	83	0	885	0	0	4	71	195	0	113	0	0	482	0	322	0	861	0	977	0	0	322	0	926	0	0	0	0	0	0	0	609	151	0	887	0	523	0	0	0	0	0	0	0	722	0	0	782	0	0	747	0	0	44	0	568	0	762	0	646	396	0	184	0	0
599	0	0	82	0	178	832	0	206	0	0	0	0	0	0	0	0	0	0	0	0	158	0	921	0	0	0	0	647	0	0	0	0	0	0	0	323	837	0	73	0	0	0	467	0	0	0	469	0	163	0	341	0	670	0	0	790	0	0	0	84	0	0	0	0	0	0	0	0	437	0	0	0	0	343	0	387	524	370	861	0	651	121	139	0	0	23	186	0	128	19	0	0	0	197	0	0	0	0	0
0	815	0	0	0	0	785	0	0	0	366	0	0	949	0	0	0	0	0	0	0	635	0	0	0	0	0	0	0	0	0	0	0	0	0	0	195	0	0	0	0	0	126	0	0	0	181	413	0	707	0	0	13	0	0	0	0	0	892	711	507	0	82	878	0	0	0	0	809	802	879	947	0	28	0	0	0	0	0	82	0	0	978	0	0	991	0	0	0	528	640	824	0	0	0	0	0	0	160	967
0	712	0	0	0	0	942	0	0	696	248	0	899	0	0	0	0	24	0	0	909	640	0	0	45	0	0	0	0	0	174	0	0	360	231	0	0	430	0	0	0	0	0	0	0	0	13	166	0	0	5	0	0	0	820	0	0	0	0	843	0	0	0	0	0	0	0	0	586	626	0	0	0	689	0	0	806	0	0	0	581	935	702	0	0	0	944	0	0	0	0	0	0	0	0	0	0	0	359	0
0	0	917	446	251	0	0	0	938	0	0	660	0	0	0	0	0	0	0	0	0	0	0	0	22	618	0	0	0	0	0	0	0	625	329	0	0	0	0	0	109	0	0	873	49	0	0	0	0	0	0	748	0	0	0	0	0	0	0	0	0	0	0	0	348	485	0	0	604	0	0	0	0	0	0	0	0	0	146	0	0	0	0	0	0	0	0	200	0	0	263	0	0	0	332	303	0	0	0	0
0	0	35	698	0	0	0	0	213	0	0	0	0	627	0	0	0	440	0	407	0	0	0	0	0	0	0	796	0	0	743	567	0	173	0	212	168	0	0	537	0	0	0	0	921	0	0	0	0	0	812	0	0	0	0	0	0	0	0	0	791	0	268	920	0	350	0	0	991	339	0	0	0	0	0	0	0	568	0	240	0	0	0	0	0	0	0	0	313	987	0	0	832	0	0	0	157	0	0	0
0	649	721	0	0	0	109	0	0	0	714	0	0	659	0	525	0	273	705	0	0	172	384	87	0	0	0	118	0	0	836	0	492	325	0	0	0	0	0	0	0	0	498	0	0	0	944	0	0	564	0	0	0	0	0	0	0	0	172	0	0	0	869	0	899	0	0	0	676	0	0	0	0	414	0	0	0	0	0	0	0	0	0	0	0	0	0	0	0	0	659	0	0	0	0	518	894	466	0	491
634	0	0	0	0	502	0	0	0	0	271	0	0	553	0	0	0	872	623	851	0	0	467	0	985	0	0	0	0	975	0	0	0	0	0	235	0	113	303	144	0	831	0	141	0	884	58	0	681	0	0	572	0	0	0	0	0	0	0	0	616	502	0	0	0	0	0	0	0	0	798	0	893	0	0	5	0	0	0	0	318	281	0	0	0	0	969	977	0	0	0	0	0	0	0	0	231	0	0	0
390	881	0	0	237	0	0	0	760	794	492	0	0	0	0	0	0	0	0	0	0	0	0	0	0	0	482	0	0	0	382	0	0	367	0	0	0	0	0	0	0	0	0	887	107	0	925	0	0	0	0	0	955	249	0	0	0	978	0	0	0	0	697	0	998	0	0	525	0	958	0	0	0	632	0	0	0	514	0	0	238	0	0	0	0	0	483	0	403	0	0	232	0	0	0	49	0	0	0	0
0	269	205	0	334	0	115	0	0	715	0	0	0	975	0	0	391	0	0	0	0	0	0	0	0	0	0	83	0	0	0	0	1	0	0	0	0	0	0	0	0	0	0	0	0	0	0	0	0	0	0	0	0	0	0	42	0	977	0	29	596	355	0	0	0	0	693	464	0	0	0	0	0	257	0	105	0	0	0	0	708	0	0	0	0	0	0	0	0	0	675	327	0	0	0	512	0	0	108	0
0	486	127	521	0	458	481	182	465	0	347	0	0	0	386	0	0	0	0	0	0	0	0	0	254	0	0	793	0	0	0	0	0	0	0	0	414	981	0	793	0	229	439	0	0	0	0	0	0	0	0	0	0	0	613	954	0	0	0	0	0	700	0	0	0	0	0	0	0	0	968	0	0	351	0	342	0	636	0	164	0	0	0	0	0	192	421	0	0	0	0	0	0	970	0	790	0	347	908	778
0	0	0	0	0	0	187	0	945	555	0	0	608	596	0	155	0	0	0	0	0	0	0	0	0	612	0	0	0	499	0	618	0	0	0	0	0	0	0	0	0	248	0	0	0	624	0	0	0	0	0	0	0	528	0	0	0	649	0	0	0	0	0	0	0	0	0	570	0	0	0	448	0	0	0	0	0	0	68	0	0	0	0	0	0	0	958	0	973	0	724	0	0	913	0	0	47	0	415	212
0	0	422	0	0	0	809	0	553	0	0	0	983	0	0	0	0	0	0	0	389	0	0	0	80	0	0	0	0	0	0	0	0	0	0	0	0	0	762	23	0	827	244	0	0	0	0	0	0	0	0	0	0	476	264	0	0	0	0	899	0	224	0	0	763	518	0	0	0	0	604	0	0	0	0	0	0	641	598	577	0	0	978	0	0	0	327	0	746	0	0	0	0	0	0	0	985	0	779	0
0	31	0	722	440	0	0	0	0	0	393	0	0	0	0	630	0	0	0	0	0	554	0	0	0	0	0	0	0	0	0	0	0	0	0	264	339	0	0	101	0	0	0	0	0	0	69	0	584	0	0	0	0	0	131	496	0	0	860	0	0	0	0	0	856	724	0	0	0	0	0	0	0	0	0	0	0	0	356	0	275	0	996	0	0	997	0	872	0	0	0	848	321	0	283	0	680	0	0	0
0	0	0	0	0	893	0	0	972	0	0	0	0	14	0	0	0	170	728	0	0	0	0	0	0	459	0	0	0	0	0	0	125	82	0	474	0	0	0	246	0	447	0	715	293	32	0	0	0	0	0	0	0	0	999	677	0	0	0	0	294	49	0	0	0	0	0	0	529	0	0	0	0	0	397	428	0	0	230	0	0	0	0	0	0	0	0	0	0	125	0	0	0	533	0	0	0	827	0	0
0	0	83	0	0	844	0	925	0	0	448	0	914	0	0	0	0	0	0	0	0	0	0	0	441	0	0	0	0	0	0	0	0	0	536	365	0	0	0	0	0	0	0	0	0	0	0	0	0	0	0	884	840	0	0	0	904	0	0	0	0	0	0	0	902	853	595	0	0	762	0	0	0	0	0	0	876	814	0	759	0	0	471	0	926	0	0	0	421	0	0	0	397	0	0	0	0	505	0	0
876	88	545	0	920	844	915	0	10	0	764	0	0	0	461	0	0	0	0	0	677	0	0	0	0	0	780	0	0	248	758	0	0	0	0	874	0	523	0	68	0	0	0	0	0	0	0	0	677	0	0	0	0	0	296	0	0	0	0	0	0	0	0	986	0	0	0	0	0	136	0	490	0	751	957	0	875	204	0	0	0	0	308	450	0	486	838	0	960	828	717	0	0	0	873	653	0	0	0	0
0	0	916	0	0	690	0	775	0	0	0	0	0	0	0	526	171	0	0	827	0	0	0	921	0	796	0	0	0	0	663	0	939	0	0	443	0	467	0	0	0	0	808	0	198	0	263	0	707	0	0	206	0	0	0	0	812	965	0	0	0	221	0	0	0	0	177	0	0	0	0	624	0	0	9	0	672	0	0	622	938	0	0	0	891	317	0	0	0	0	842	511	0	0	878	363	0	0	0	0
0	716	0	0	0	0	0	0	279	0	0	0	0	0	393	0	326	0	0	0	0	0	0	0	605	0	417	600	0	0	932	0	0	927	0	0	0	0	0	0	661	0	0	0	138	514	0	0	0	339	0	0	0	0	0	0	0	731	0	347	994	141	323	0	0	0	0	0	0	0	0	0	276	0	0	0	0	0	0	163	0	0	524	0	572	0	0	622	0	431	0	0	0	0	429	0	0	702	0	0
0	0	0	0	598	0	0	0	0	764	0	0	0	0	0	102	0	0	0	268	0	0	0	650	0	0	0	0	0	0	0	0	622	15	0	0	0	0	909	125	0	0	0	0	0	0	0	647	0	0	87	0	401	0	593	0	0	0	214	0	0	0	0	0	0	613	0	0	0	0	0	720	0	0	0	913	0	0	0	0	0	0	456	0	555	0	0	0	0	130	0	212	0	0	172	850	91	0	0	294
274	0	216	0	0	9	885	0	0	52	0	0	0	0	0	10	0	0	0	0	0	0	0	0	0	0	117	0	0	6	758	0	0	0	0	0	0	0	0	0	381	0	0	0	0	698	496	0	548	539	0	0	323	449	392	0	412	555	0	0	0	0	75	0	0	0	0	409	848	0	0	0	0	0	0	0	0	0	0	0	0	0	0	69	0	0	0	0	0	0	0	0	744	0	411	0	0	0	0	685
0	0	0	524	353	237	0	0	0	0	0	0	1000	0	350	0	0	7	255	0	0	0	0	0	445	0	0	0	0	24	531	0	0	0	0	0	0	0	0	0	0	0	275	497	0	0	936	0	969	0	0	830	0	0	241	0	0	0	760	742	908	352	699	822	0	0	0	0	0	0	0	0	0	0	0	0	0	168	0	394	0	0	0	0	0	495	218	935	0	0	0	0	614	0	999	0	0	0	452	322
0	335	0	0	0	0	0	0	0	524	0	0	0	0	0	302	246	0	0	0	247	0	0	886	950	0	380	0	0	0	0	0	0	0	0	329	0	0	0	778	0	0	0	0	0	727	610	0	915	944	0	491	0	0	0	0	0	0	0	0	0	90	0	0	0	0	0	0	279	524	0	0	0	0	322	748	21	44	0	0	201	0	0	167	867	0	469	0	0	0	0	0	0	0	0	321	0	0	0	957
0	0	0	394	55	0	0	0	0	0	0	0	781	0	629	0	0	0	316	561	920	0	0	0	0	0	0	0	0	91	743	0	0	0	643	93	518	17	0	0	0	0	0	978	0	0	610	0	922	0	240	0	0	0	0	0	955	0	0	0	0	0	891	0	0	0	790	0	0	0	0	944	0	0	0	885	0	202	284	0	0	930	0	0	0	0	0	0	896	0	0	507	0	0	148	0	0	0	0	0
139	0	0	0	0	997	0	0	0	891	602	0	0	0	0	0	0	0	0	834	0	0	0	919	0	0	632	872	0	887	285	810	0	0	0	0	0	0	0	0	758	0	0	0	428	0	148	0	0	0	515	0	972	0	0	178	0	0	680	0	0	0	963	0	0	0	0	0	0	0	0	358	0	0	0	0	0	992	0	0	0	0	0	0	0	0	0	0	0	0	0	0	0	0	141	0	0	0	0	0
0	0	0	0	0	0	0	0	0	0	0	0	0	0	0	0	0	524	0	0	0	0	399	0	0	393	0	0	0	0	729	0	0	155	0	0	0	631	454	0	779	589	0	0	0	0	0	0	0	0	0	0	0	689	477	0	0	0	0	0	0	0	97	0	0	0	0	0	0	0	217	0	0	0	0	93	0	0	879	0	0	133	0	0	0	0	0	654	0	441	615	0	0	0	0	268	0	0	482	0
0	0	807	29	359	0	0	0	0	0	0	0	0	0	0	0	0	698	0	0	7	0	0	0	0	0	0	282	0	0	296	0	0	0	737	959	0	918	731	0	0	0	0	0	0	0	0	0	0	636	669	90	0	0	0	0	0	900	245	877	0	0	289	0	529	0	0	379	0	693	0	118	0	0	0	699	742	0	0	0	0	0	0	205	0	0	0	0	666	0	0	0	0	0	146	0	0	0	0	0
0	0	0	0	616	0	0	0	0	152	0	0	439	0	758	216	0	964	0	0	0	0	869	549	433	0	183	0	0	0	768	481	0	0	0	375	0	0	0	0	506	0	0	0	0	0	0	0	0	603	0	0	0	0	0	599	0	0	575	812	0	0	243	0	0	0	842	0	0	0	0	0	0	0	0	0	0	643	0	13	0	0	723	0	0	0	0	147	884	0	0	0	0	0	0	840	0	0	181	0
0	0	0	276	637	0	0	0	0	0	0	0	0	0	0	847	0	0	355	0	260	0	417	0	927	0	0	0	247	0	0	91	0	0	0	0	0	0	218	0	0	997	0	0	0	256	0	0	0	560	132	0	339	0	0	0	0	0	946	0	305	0	0	0	0	0	0	0	662	0	0	0	0	0	0	0	0	26	0	0	0	0	0	646	0	0	0	0	636	0	434	479	625	0	582	0	529	0	0	857
0	0	0	0	394	0	0	0	0	0	0	0	527	0	0	0	0	0	0	894	0	0	15	0	347	0	0	0	0	0	0	0	0	446	0	0	0	737	0	197	0	0	0	0	0	0	0	0	0	0	0	0	0	483	0	0	0	0	0	0	0	0	0	0	0	0	89	571	0	0	0	0	0	0	822	0	0	0	395	0	0	0	402	0	0	0	0	0	0	0	0	0	0	0	0	0	0	571	684	0
345	0	0	0	0	0	0	771	345	0	0	0	0	0	0	0	585	0	0	0	175	0	0	409	0	0	0	109	0	0	212	319	0	0	0	0	308	0	94	0	557	0	0	0	0	0	0	0	0	0	0	0	169	0	476	0	925	849	0	0	450	721	0	584	0	0	387	0	0	0	102	0	0	0	0	390	0	0	0	393	0	474	0	0	516	0	0	376	0	0	0	0	0	0	431	0	0	616	0	0
0	0	0	484	643	0	0	0	478	901	0	735	0	259	0	0	794	0	190	900	0	0	0	0	658	0	0	485	0	0	0	719	0	0	0	21	0	470	0	529	0	0	0	0	0	398	0	0	616	0	0	0	0	0	0	0	478	0	0	0	451	376	0	202	0	0	0	502	0	0	0	736	531	0	687	0	0	0	628	285	0	0	0	0	557	0	734	0	0	0	0	0	0	0	302	0	0	0	0	0
0	0	0	0	0	0	290	0	0	0	0	0	658	422	390	0	0	0	0	655	0	0	0	0	0	0	0	0	0	0	650	0	0	0	0	408	0	0	0	0	0	0	0	0	0	0	0	0	0	0	739	0	0	480	0	0	0	0	0	0	599	0	0	0	354	0	434	0	0	0	0	67	698	0	0	236	0	0	0	0	0	0	0	0	0	0	0	0	0	0	0	0	0	0	0	0	0	0	0	0
0	0	447	0	0	0	0	0	0	318	0	544	38	0	0	0	917	0	109	676	0	0	0	750	0	0	0	0	309	0	0	0	0	0	0	0	0	69	61	783	0	0	0	0	0	0	0	465	0	0	0	0	0	0	0	0	434	0	0	0	0	0	377	7	0	316	0	0	33	0	0	0	0	0	0	0	0	0	83	0	0	0	0	760	0	138	814	0	0	726	66	622	0	0	0	206	0	0	0	0
0	0	0	0	0	0	456	0	0	909	0	0	0	141	0	0	0	0	0	523	0	0	0	0	0	0	0	0	0	254	0	0	810	0	917	0	541	0	331	0	0	0	0	0	930	0	247	0	0	0	156	619	0	0	796	0	0	0	290	0	0	0	382	21	0	0	0	0	0	0	0	214	668	924	0	0	0	848	0	0	0	0	0	0	989	0	0	0	893	0	176	0	672	0	0	0	0	204	0	97
0	0	0	148	0	0	328	0	0	118	0	0	706	248	0	818	0	0	0	980	281	0	0	0	0	365	0	0	0	0	403	34	0	775	431	549	0	797	818	0	0	0	0	0	0	740	81	0	0	0	0	0	0	0	0	0	0	0	0	0	0	0	0	0	0	948	0	0	0	0	0	0	0	0	0	0	0	0	0	0	0	0	0	0	0	0	0	0	0	621	0	0	176	0	0	0	0	0	838	0
936	0	0	0	556	0	0	912	0	0	0	0	674	0	0	0	0	0	0	0	0	373	119	789	0	0	0	372	190	491	890	0	233	0	697	0	882	0	824	922	0	0	0	0	0	0	0	0	0	0	0	0	0	0	0	766	0	423	0	0	165	0	695	0	0	455	0	0	0	0	0	0	0	0	0	717	955	0	0	0	0	0	0	0	189	0	0	256	0	407	0	534	0	0	0	0	0	745	434	0
0	0	0	0	0	0	0	739	0	0	0	526	0	0	959	0	0	0	0	207	432	278	0	671	0	0	0	0	988	22	0	0	0	0	0	0	0	0	0	0	0	0	0	0	0	546	0	0	0	0	0	569	0	0	0	0	0	0	0	0	0	772	25	621	0	0	0	0	0	224	0	0	0	0	0	0	0	956	0	323	0	0	880	0	0	0	0	0	865	0	0	0	0	0	0	819	0	0	0	0
944	0	0	0	0	547	0	0	0	0	0	0	0	0	0	0	0	0	0	0	0	27	0	0	0	0	0	0	0	643	477	576	0	576	0	0	309	365	0	0	0	0	0	0	0	0	105	0	103	0	0	0	0	0	0	594	374	0	0	0	672	0	0	0	0	0	219	0	0	0	0	966	0	442	0	0	0	0	0	0	0	0	0	0	643	0	0	0	0	0	140	0	0	0	0	0	0	0	0	0
0	472	0	0	0	0	0	0	509	158	0	0	0	0	455	746	325	0	89	0	0	167	278	957	0	0	0	0	0	0	0	0	0	317	0	0	0	0	0	0	0	0	309	654	0	0	0	571	0	0	0	0	0	0	0	916	265	0	0	0	52	0	0	0	0	0	0	0	144	723	144	0	0	0	0	0	0	0	0	0	913	0	0	0	0	594	0	0	0	0	0	0	0	0	0	0	0	0	0	719
0	0	0	0	0	662	827	0	0	0	0	0	938	0	844	0	87	0	652	532	836	0	0	0	0	753	0	889	922	674	0	92	0	0	0	816	807	0	0	0	0	143	357	179	0	231	0	0	66	128	0	783	450	444	0	0	0	0	0	0	0	0	0	0	0	0	0	0	0	0	603	0	0	0	492	0	516	0	0	276	792	303	0	0	0	636	0	0	278	0	0	0	0	0	112	0	0	0	0	0
0	542	541	0	0	0	0	0	674	0	0	0	325	622	0	0	0	0	0	0	0	739	0	0	0	0	0	0	825	0	1	0	0	0	0	872	141	0	0	0	0	0	0	0	0	198	0	0	0	0	0	0	749	0	0	803	368	0	0	0	0	0	0	0	0	0	0	0	0	0	40	0	754	0	0	7	907	456	0	0	424	157	0	0	0	0	651	132	0	933	0	806	0	0	0	0	0	0	0	0
0	0	0	0	0	0	0	0	890	0	0	0	547	0	410	686	0	952	0	916	0	0	0	0	14	0	0	931	0	0	0	0	0	438	0	0	0	0	950	0	0	0	0	0	0	0	0	0	0	0	0	0	0	79	0	954	0	514	0	518	0	601	0	0	0	0	0	0	0	254	0	991	0	0	0	961	0	0	0	719	754	0	0	0	0	0	0	0	605	0	150	0	0	0	367	0	0	0	0	500
128	0	0	0	0	0	0	229	0	611	0	0	617	293	97	143	428	859	0	0	925	0	0	734	0	0	0	0	272	0	0	0	0	0	0	0	344	0	0	0	0	0	11	0	193	351	0	0	0	821	0	0	0	603	0	336	0	493	0	0	0	250	0	0	731	0	353	0	173	0	0	0	966	0	0	0	831	0	640	0	0	0	0	0	0	0	0	0	0	0	890	0	0	0	0	838	0	278	0	0
0	414	0	0	0	926	0	0	0	134	0	0	0	0	304	0	0	0	0	455	0	0	332	0	0	0	826	0	305	0	0	0	0	0	0	0	80	0	885	0	0	0	0	0	0	0	0	0	797	141	929	430	0	982	0	0	0	0	0	0	0	0	0	84	0	0	0	0	0	0	0	0	0	670	0	0	0	812	0	385	0	270	0	0	0	453	0	531	767	993	0	0	0	0	456	0	0	866	0	897
0	0	0	0	0	0	839	0	0	0	0	0	0	0	0	0	977	0	0	0	300	820	166	0	743	0	0	204	0	0	969	121	0	0	387	0	0	0	0	0	637	0	0	0	415	0	683	975	0	0	0	0	0	0	399	0	80	0	0	0	255	0	0	0	331	0	463	0	0	0	0	0	0	173	0	0	0	784	0	0	0	0	0	0	0	0	0	218	0	0	0	0	0	664	0	0	0	0	0	772
0	0	0	0	0	0	0	89	0	0	0	0	0	0	0	0	0	0	671	0	0	0	0	0	0	0	0	0	0	0	0	0	0	0	0	0	0	0	0	307	577	0	0	39	0	0	0	0	0	0	0	0	8	0	0	840	440	0	476	0	0	0	0	706	0	0	0	0	0	0	0	0	0	0	0	130	402	0	0	0	0	0	666	561	0	0	0	41	0	0	0	0	0	0	0	26	0	326	0	0
0	0	0	526	0	0	0	251	0	0	0	0	0	997	0	0	857	0	0	0	468	0	188	581	0	0	36	0	122	0	775	331	0	0	0	813	0	0	0	0	0	0	0	0	0	0	0	0	0	0	998	0	878	0	0	0	0	0	0	0	0	780	0	0	0	0	0	904	0	0	0	371	0	0	658	0	0	0	0	0	409	497	229	0	0	0	0	0	0	900	169	0	0	0	116	0	0	0	652	0
633	0	0	0	0	0	0	783	0	0	0	0	0	0	0	0	0	627	0	0	0	0	958	0	0	769	255	0	272	0	0	682	107	0	859	274	0	0	0	0	0	271	713	0	0	0	199	0	0	0	246	0	204	0	0	0	0	0	257	0	0	0	984	0	925	0	27	0	0	0	0	0	0	0	0	0	0	0	0	0	0	0	87	0	991	0	0	0	0	0	0	0	0	0	0	0	0	0	0	0
0	0	0	0	0	921	301	0	962	0	869	0	0	0	0	0	0	489	0	0	0	0	0	0	0	0	0	0	0	0	474	0	642	359	518	0	0	0	784	0	0	0	0	0	0	0	0	0	0	0	0	0	0	0	0	0	0	181	0	781	0	0	403	0	298	640	109	435	964	641	0	0	0	0	0	0	31	0	50	413	0	0	0	376	0	0	0	251	0	0	0	110	0	0	0	0	0	0	366	0
523	252	0	0	0	0	0	0	901	0	0	0	0	0	0	888	0	0	0	105	525	0	0	0	253	0	752	762	913	575	0	0	0	0	0	0	0	0	714	0	0	505	293	343	0	0	0	213	0	0	947	0	265	0	0	0	0	0	0	0	0	0	0	0	717	0	0	822	848	0	0	130	0	0	0	0	0	0	0	781	0	260	0	0	0	0	0	0	0	835	0	748	0	0	0	0	0	0	0	0
0	0	0	643	0	551	0	410	0	0	22	0	0	0	0	0	0	0	146	94	855	0	0	0	0	0	0	0	0	0	670	0	248	578	84	0	0	0	0	0	0	0	0	0	0	0	0	0	0	647	964	0	0	0	0	0	463	11	0	0	2	0	0	0	0	0	0	0	0	55	0	0	0	0	0	0	0	0	0	0	0	0	0	321	0	0	0	0	0	0	0	0	0	0	0	0	0	0	218	0
0	0	0	0	42	614	573	0	0	0	0	0	629	0	0	0	460	0	0	753	0	780	651	0	640	0	0	0	0	0	0	0	0	306	0	0	0	411	0	534	0	0	0	0	580	0	947	402	0	0	0	314	0	0	0	0	587	0	0	0	0	0	526	0	0	0	0	0	0	0	0	0	0	0	0	0	886	349	760	0	0	0	861	0	0	0	852	0	0	570	0	584	0	0	0	0	0	18	0	0
0	0	0	0	0	928	20	0	0	242	0	0	0	0	0	0	943	270	205	967	0	0	0	0	0	0	0	0	0	0	0	0	0	617	0	0	0	0	0	349	710	0	0	0	0	0	0	0	0	0	0	0	0	0	0	0	0	0	0	991	0	0	265	0	0	0	951	703	0	0	0	0	0	0	0	0	0	0	0	393	0	349	0	0	0	0	0	0	0	0	0	0	0	0	0	0	641	327	0	837
0	0	0	827	0	0	0	0	0	920	0	0	0	0	0	0	456	161	249	0	989	0	116	0	0	0	389	0	811	387	662	0	0	855	0	0	26	694	0	0	0	256	0	0	0	0	0	0	0	0	0	0	0	0	0	140	0	0	0	0	0	0	0	0	0	291	0	0	0	0	0	0	0	342	236	48	0	0	0	0	0	0	18	0	0	0	0	0	0	994	0	0	0	0	116	0	249	0	0	750
0	0	0	0	0	732	0	0	0	553	0	443	0	0	268	0	39	369	976	0	0	0	0	0	0	0	0	0	400	0	0	0	0	0	0	0	0	139	0	0	338	916	0	0	0	42	0	546	957	0	968	593	0	80	0	0	0	0	0	0	0	0	0	0	0	0	0	16	0	0	0	10	0	0	0	0	0	88	588	692	701	0	0	0	419	0	0	0	0	588	0	0	153	0	0	0	0	0	0	0
0	517	0	946	0	0	595	0	573	0	0	0	631	0	0	0	0	0	0	0	0	0	0	0	0	0	0	0	0	0	344	0	0	0	383	0	0	0	890	0	0	0	152	423	0	0	0	161	0	470	0	0	0	0	0	720	0	0	0	0	0	0	451	0	0	0	0	0	0	0	0	0	0	0	0	0	0	0	0	727	0	0	0	0	965	496	0	0	505	0	0	412	0	414	0	317	180	0	0	0
328	0	0	0	0	0	0	888	399	0	0	128	0	0	0	0	468	0	0	0	0	0	0	520	0	0	0	0	0	0	0	0	0	277	211	0	0	0	0	638	0	982	750	0	0	0	0	0	0	623	0	136	0	0	739	0	0	0	0	0	0	789	0	0	0	0	0	677	0	0	977	0	0	0	0	0	0	0	0	0	0	0	0	0	762	0	0	673	0	0	0	317	816	0	0	980	510	0	406	0
0	246	0	862	0	0	0	0	0	0	0	0	0	0	0	0	0	929	0	0	0	0	0	0	706	884	0	0	0	276	166	0	0	0	314	133	0	0	0	0	0	0	0	163	0	0	0	0	0	0	293	0	0	0	0	0	0	855	0	0	423	0	0	0	0	0	0	0	266	0	110	0	0	0	0	828	0	30	0	0	434	621	0	813	0	0	0	0	0	0	122	0	0	0	0	0	0	0	0	0
0	558	352	0	0	0	153	41	9	0	395	0	0	0	0	0	829	0	0	0	999	941	0	863	0	0	0	0	966	0	730	113	0	632	0	0	0	0	0	568	0	147	42	0	0	0	0	0	652	0	0	0	421	0	0	661	0	0	0	0	92	0	0	0	0	0	0	279	241	0	0	0	0	0	0	0	868	0	445	203	0	0	11	0	0	287	0	0	806	0	984	0	104	0	0	630	371	0	0	649
0	0	0	0	239	510	593	217	0	0	579	0	0	0	0	442	0	0	800	0	0	0	338	0	0	0	0	0	0	0	0	310	807	584	0	0	0	0	0	0	0	0	0	0	0	0	731	0	55	0	0	0	0	240	434	0	0	0	0	0	99	0	0	733	0	0	0	461	0	0	0	0	0	0	0	0	824	0	0	163	617	0	0	0	0	0	0	0	0	0	134	0	610	0	0	0	0	0	0	0
0	0	0	0	0	0	0	0	890	0	0	216	404	0	296	0	322	0	368	0	35	0	0	0	0	0	585	0	0	0	0	22	767	0	54	0	0	0	0	0	0	659	0	0	0	0	0	430	0	0	0	0	0	0	45	0	0	0	0	0	0	0	0	0	0	763	0	0	0	0	0	0	0	0	0	0	0	35	0	0	594	0	0	0	0	0	0	0	0	159	0	244	0	0	940	0	0	0	0	0
52	0	0	0	0	0	0	233	0	403	0	0	0	0	0	0	0	894	0	0	0	0	0	688	0	430	262	0	831	0	0	0	565	0	680	399	0	0	0	759	0	828	0	0	0	314	0	0	491	0	467	0	760	822	0	340	0	0	0	0	0	0	0	0	881	0	0	0	348	0	0	0	0	0	0	0	0	444	0	299	806	0	0	0	327	0	0	0	863	0	0	306	0	0	248	0	965	0	167	0
0	0	0	475	0	0	0	0	535	0	0	0	0	0	0	0	487	0	695	0	0	0	0	827	0	0	0	0	0	0	0	203	0	618	0	0	61	0	0	0	0	437	0	0	388	0	0	0	0	0	0	0	0	0	0	0	36	0	0	631	0	0	0	0	0	0	0	0	0	0	0	0	768	0	0	0	0	76	275	150	635	198	0	0	13	0	0	28	0	282	0	0	538	0	0	0	826	0	993	0
0	171	0	0	0	0	0	534	0	0	0	0	0	0	0	0	0	473	737	521	237	0	0	0	0	0	0	981	0	0	0	0	0	0	0	0	528	96	536	0	643	0	0	0	752	868	0	945	0	0	283	0	0	0	60	0	0	0	285	0	0	0	723	980	0	0	0	855	0	189	110	470	0	0	0	0	256	445	0	0	0	0	0	0	0	164	440	0	730	0	0	0	789	0	749	0	307	0	0	0
0	0	0	0	0	586	0	879	0	773	0	0	263	0	0	0	0	0	0	0	537	0	0	0	0	0	451	0	0	0	0	0	157	168	346	424	0	0	257	0	0	0	0	0	0	0	0	0	0	0	0	0	0	0	0	430	0	0	113	0	845	0	430	470	0	0	765	0	739	466	856	642	150	0	0	0	418	0	0	0	0	0	0	0	0	0	0	997	649	0	0	0	0	0	0	0	0	193	0	0
0	686	0	0	0	0	0	0	0	0	0	519	418	139	0	552	0	736	201	0	290	0	0	271	0	525	0	0	748	0	0	0	37	0	0	0	0	0	0	301	3	43	0	0	0	0	0	0	709	170	692	0	0	0	236	0	783	0	0	0	512	362	0	0	741	0	0	0	0	0	0	0	0	777	0	0	337	0	0	0	774	0	0	0	0	0	0	0	0	0	0	0	0	0	0	462	0	0	0	0
0	406	0	0	0	0	149	0	295	0	0	912	0	0	0	0	0	0	0	0	0	0	0	0	0	0	0	0	0	0	0	0	0	0	0	103	0	0	0	0	195	317	0	0	101	790	3	0	878	0	0	0	0	0	507	0	500	0	0	0	746	415	0	484	0	0	0	0	0	465	0	0	0	641	899	0	0	0	750	0	0	0	786	987	627	0	0	0	0	0	0	0	0	429	0	161	0	0	0	0
0	0	0	0	0	604	0	0	0	0	0	0	0	738	0	700	0	375	958	491	0	0	0	0	0	0	943	0	0	360	0	0	0	796	0	0	0	0	0	0	0	0	0	0	0	681	0	0	0	83	181	747	4	0	0	0	0	0	0	0	0	0	0	0	825	0	0	0	0	0	845	0	0	922	0	0	0	0	0	0	0	0	0	0	433	0	0	667	0	0	991	0	0	611	214	119	0	0	0	0
0	0	0	68	19	257	973	149	0	780	0	0	0	0	244	0	224	0	0	0	0	0	0	0	0	0	0	0	73	63	0	0	0	0	918	0	0	0	0	0	0	786	788	0	0	0	0	0	0	0	0	0	0	0	0	0	326	0	0	0	0	0	0	0	0	0	898	0	0	0	0	0	0	0	0	0	0	161	189	0	0	0	0	424	0	0	0	0	542	0	0	0	980	0	0	0	0	941	190	0
50	0	0	0	0	0	0	0	0	764	0	0	0	0	0	0	0	0	0	959	33	0	239	0	0	0	0	0	752	0	0	0	0	0	93	0	0	0	0	0	780	0	433	0	0	0	923	0	0	0	999	0	0	759	0	0	0	0	120	0	0	0	0	0	0	0	55	0	0	0	0	0	0	0	888	0	0	0	0	0	0	0	0	0	0	546	677	0	0	0	0	0	0	0	566	0	293	0	722	0
0	0	0	0	0	0	0	472	0	578	0	0	0	0	0	935	0	0	0	0	201	0	0	888	0	0	0	0	984	0	0	616	633	0	0	0	0	0	0	0	0	0	0	0	0	323	0	432	0	0	0	0	0	0	0	0	0	0	0	0	0	0	0	0	0	0	193	0	212	70	0	0	0	0	187	197	0	0	827	0	979	386	0	64	0	868	0	805	0	561	633	0	0	0	0	0	0	0	0	0
956	0	0	990	0	0	0	175	0	693	141	0	0	0	0	0	0	360	0	0	0	0	909	0	0	712	0	333	0	0	125	0	939	0	0	0	49	0	0	448	0	0	0	0	0	0	626	0	0	0	0	67	243	0	0	0	0	0	0	0	0	0	0	364	0	0	0	0	286	870	0	9	0	0	0	0	0	0	80	0	0	0	0	0	916	0	0	0	0	0	549	0	0	321	13	0	0	0	476	0
0	7	0	0	0	0	0	0	0	387	101	0	0	0	0	0	0	936	311	0	0	0	0	0	544	32	586	0	950	0	609	0	0	0	463	0	11	0	0	46	0	0	0	901	496	0	274	0	0	0	0	833	0	346	629	0	0	0	0	101	778	0	0	0	0	0	671	0	0	0	901	0	273	0	230	0	0	0	0	0	750	0	0	754	0	0	0	0	0	0	0	547	642	971	0	0	0	0	0	899
198	0	159	0	0	0	0	0	0	0	891	943	637	0	0	0	262	0	222	0	0	954	0	0	0	0	790	826	692	970	0	0	0	548	0	906	0	0	0	0	0	873	0	0	0	0	0	364	0	0	0	0	0	267	7	0	0	0	375	0	94	0	0	0	0	0	0	208	0	0	0	957	0	0	0	0	0	658	682	0	325	118	17	212	0	0	0	0	0	0	0	209	0	0	589	0	0	0	0	0
0	300	921	834	0	0	0	533	0	0	0	0	0	0	0	0	0	315	863	453	0	0	0	0	0	0	0	643	0	0	0	348	0	0	0	0	0	0	990	0	0	0	0	0	0	0	0	0	0	0	270	0	0	0	0	0	447	0	0	350	0	0	0	0	0	640	0	0	506	0	0	0	449	924	0	0	0	766	0	0	290	0	0	0	0	0	0	0	0	0	0	0	0	0	0	0	0	661	0	0
33	0	0	359	0	0	0	0	0	0	973	606	0	0	0	627	0	0	0	0	60	0	0	0	819	0	199	0	0	896	0	701	117	0	0	0	0	0	0	0	347	52	0	0	0	791	0	0	0	0	0	667	997	0	0	0	0	256	0	0	0	0	545	0	690	0	0	166	0	0	0	0	0	0	248	0	0	0	0	0	192	0	0	733	333	0	64	807	0	0	779	210	0	0	0	0	0	0	887	0
497	0	0	629	81	0	0	0	0	731	0	0	0	0	0	0	0	0	0	0	504	0	0	0	692	0	380	0	0	623	0	0	641	0	0	0	121	0	0	915	149	0	0	0	0	0	0	0	0	358	0	0	0	152	0	0	0	0	0	157	0	263	0	0	0	0	0	0	517	0	0	745	398	0	0	0	0	758	108	0	0	0	515	0	0	744	0	25	0	0	0	0	0	0	0	681	435	0	0	0
249	0	0	0	0	0	0	0	313	0	0	0	472	0	0	0	917	0	597	601	293	0	553	0	0	0	0	0	0	740	0	348	0	0	470	0	0	0	0	0	0	0	0	815	0	0	0	908	0	0	0	0	0	606	72	0	0	0	513	0	727	0	0	38	0	0	0	0	0	343	0	0	0	945	115	0	0	809	760	0	736	0	0	0	0	0	0	0	616	0	0	0	0	310	0	0	551	0	0	0

0	687	0	0	0	736	0	0	0	0	0	0	0	380	42	0	0	0	781	185	810	0	0	895	186	0	842	0	0	388	0	0	0	0	0	0	0	839	0	0	945	0	0	0	0	0	0	0	0	0	0	0	0	440	0	0	195	163	0	0	795	0	0	507	0	0	0	0	0	0	0	0	0	0	0	0	0	0	193	0	0	0	0	0	164	0	0	882	0	525	0	0	0	0	0	0	0	0	0	107
0	0	575	0	0	0	0	0	0	965	0	0	260	0	0	0	0	0	0	0	0	673	0	858	0	0	0	0	329	0	780	0	0	0	652	0	0	337	0	940	683	0	244	129	762	635	0	403	0	388	61	603	186	623	0	0	288	0	0	0	438	34	0	0	0	0	0	0	0	0	0	0	0	387	0	681	484	0	0	0	0	0	0	0	0	0	0	0	0	0	0	0	0	0	0	0	0	0	200	709
0	458	0	7	0	0	0	0	0	0	0	0	0	0	0	0	0	0	0	0	0	0	0	0	0	958	193	0	18	0	728	0	0	0	0	820	0	612	0	108	0	0	0	0	0	0	0	448	0	469	224	896	0	0	95	0	513	0	0	708	127	0	0	0	0	188	0	0	0	0	0	0	0	0	992	211	0	963	0	0	0	0	930	0	0	0	0	0	0	0	109	0	0	0	0	0	0	0	723	137
85	0	0	0	0	0	0	0	227	134	0	0	0	0	0	638	507	0	0	0	0	0	0	0	419	0	0	0	0	130	0	0	726	0	713	0	0	0	0	543	0	203	0	733	0	0	0	0	0	0	0	0	653	0	0	0	0	0	0	698	0	0	0	0	0	0	0	0	167	0	0	846	0	502	780	0	0	0	912	970	0	0	0	0	0	0	0	0	0	0	0	0	0	0	0	0	0	0	0	0
0	0	311	0	0	7	0	0	0	0	681	0	0	608	0	0	0	0	0	0	0	0	0	0	0	0	0	0	0	0	0	0	0	0	0	0	35	805	0	0	0	0	0	0	0	808	0	0	0	544	848	0	998	0	0	0	745	0	0	0	0	626	26	0	364	0	848	0	174	0	194	0	0	0	0	0	0	0	0	619	556	0	865	0	0	0	0	0	0	0	0	0	0	0	627	182	767	463	0	0
0	0	229	0	0	0	834	0	0	0	0	513	713	791	0	0	0	0	274	0	34	0	0	590	0	916	813	0	0	0	0	0	0	0	0	0	0	900	386	0	0	0	0	0	201	0	665	0	0	843	0	0	0	0	0	0	0	0	0	0	0	0	0	633	944	796	419	0	0	0	0	0	350	0	0	0	0	0	0	0	0	0	0	0	0	0	32	0	0	0	712	0	0	239	956	567	0	0	0	0
0	0	93	0	302	0	0	0	0	0	0	0	0	0	0	0	886	0	0	0	0	130	0	0	0	0	50	0	0	246	0	255	987	0	0	0	0	290	0	0	0	989	426	353	0	605	392	0	131	0	0	0	0	382	0	0	0	464	0	0	0	0	0	0	133	0	0	0	37	0	0	536	299	0	0	0	0	116	975	0	0	765	328	0	184	0	0	106	3	0	0	0	0	902	886	0	0	0	0	236
0	0	0	0	0	0	0	56	0	0	0	0	0	0	0	641	0	0	951	0	0	0	841	0	233	0	0	0	0	0	0	0	0	0	962	295	0	0	0	0	598	0	0	0	0	0	0	907	0	882	0	899	0	0	733	0	0	0	0	0	819	0	0	0	0	158	0	528	0	313	0	0	0	0	0	138	0	0	0	909	0	0	0	0	0	398	0	0	0	664	0	473	0	135	0	442	0	0	0	0
0	0	629	52	0	0	534	762	51	673	0	590	0	48	0	636	0	0	0	28	15	0	258	0	180	0	837	0	0	0	989	0	725	0	0	0	105	0	0	0	338	0	0	0	943	863	802	0	0	0	0	0	843	902	0	0	0	0	0	0	151	0	0	0	0	0	0	463	0	864	118	0	0	0	547	0	668	0	0	0	0	0	0	0	343	0	0	0	371	0	14	114	0	0	0	0	0	0	0	822
0	0	0	357	0	0	0	0	0	976	0	0	0	0	0	526	683	0	0	500	856	0	0	0	0	0	0	0	0	0	393	0	0	0	0	0	528	745	0	0	0	636	0	0	0	0	88	99	0	0	0	0	231	0	546	0	0	0	0	0	764	0	0	26	243	0	0	0	0	0	0	0	0	0	981	807	0	0	343	0	0	309	0	0	908	0	706	799	0	0	0	0	325	603	0	0	0	0	0	0
0	0	157	0	578	0	0	0	0	25	0	0	105	0	0	0	0	297	0	0	0	0	0	0	279	0	0	0	0	0	882	334	0	0	0	40	0	0	0	0	0	763	0	0	0	0	0	0	0	0	0	615	870	0	0	853	0	0	0	818	0	916	566	0	0	0	0	0	0	902	0	0	0	0	0	0	0	0	0	0	0	0	0	384	0	0	0	0	0	0	0	0	0	0	968	0	663	0	199	0
0	0	0	0	0	0	0	433	0	0	0	0	135	236	0	0	0	0	0	0	0	0	0	0	0	0	0	0	876	0	0	0	869	0	0	0	0	0	0	0	0	0	997	0	0	0	0	0	0	0	0	0	0	0	0	224	0	657	831	926	0	634	424	0	0	894	515	980	0	0	0	0	149	0	0	758	0	0	0	0	0	0	0	0	598	0	0	0	664	0	0	0	157	222	0	0	0	0	418	0
378	603	0	0	659	813	0	125	0	0	0	0	49	0	0	727	0	0	0	0	110	382	0	0	0	175	464	0	0	0	194	0	0	249	95	0	0	162	0	604	991	0	464	899	0	0	0	0	182	0	0	731	0	969	0	96	0	0	0	0	0	0	0	0	87	0	0	261	0	131	0	0	0	0	755	891	401	0	0	0	0	0	949	0	306	0	0	0	506	721	0	998	0	0	0	0	0	0	0	676
33	215	0	0	0	643	0	0	0	0	195	0	0	443	0	0	0	473	0	0	489	0	989	762	0	913	428	0	0	694	854	0	722	0	0	759	0	0	0	0	0	570	0	0	418	0	0	0	0	0	0	0	0	338	955	0	0	0	0	543	112	0	740	0	121	150	386	0	0	986	0	0	31	0	104	0	0	0	0	0	0	0	825	0	0	0	0	0	0	0	297	901	0	0	0	0	185	933	0	522
612	0	0	0	0	170	0	0	0	0	159	10	0	0	0	0	0	0	0	0	496	0	825	0	0	276	0	0	0	0	0	921	0	309	0	454	224	0	0	0	0	0	0	0	0	0	0	0	0	0	0	0	0	0	0	0	0	0	0	0	70	21	0	0	0	205	0	0	0	0	0	0	0	0	0	0	0	893	0	0	0	0	0	0	285	0	0	0	0	0	0	0	0	0	0	0	0	0	0	0
0	0	0	0	0	0	0	0	0	0	0	0	0	0	0	581	0	0	583	0	850	0	0	0	0	0	0	293	0	0	0	0	0	0	0	0	414	263	0	670	0	0	0	0	0	0	768	0	0	0	0	0	0	0	0	0	0	13	0	0	0	527	0	99	0	0	0	370	749	0	0	0	0	622	0	0	0	862	215	0	0	0	0	60	0	0	515	717	0	0	0	0	0	0	0	0	224	0	0	991
0	0	0	0	0	347	0	0	350	0	0	0	0	654	0	0	0	0	0	0	0	0	0	0	107	0	0	982	0	458	641	911	132	0	0	953	0	0	0	48	9	0	0	0	0	0	640	119	0	711	0	0	0	0	157	963	0	221	233	0	0	108	0	0	0	312	0	0	0	0	0	0	0	0	93	0	0	0	413	0	0	0	0	606	726	0	0	0	534	170	0	0	0	424	901	251	0	280	0	0
0	0	0	0	0	0	0	0	0	0	0	0	0	0	0	0	97	0	0	0	0	0	0	0	169	468	0	0	0	0	0	36	0	808	0	712	0	0	0	0	0	773	0	0	0	0	0	841	0	0	0	0	0	0	0	167	0	0	454	0	877	0	0	0	0	717	0	0	0	0	0	0	0	0	0	0	0	0	0	0	0	0	0	0	0	361	0	0	0	0	0	0	508	0	0	0	0	0	0	0
117	0	0	0	0	252	0	0	0	0	911	0	0	858	0	0	0	0	0	0	0	0	0	672	0	0	0	0	0	0	0	0	0	0	0	0	0	0	99	374	0	0	0	0	0	0	0	0	38	890	0	117	0	0	0	0	0	178	0	0	0	0	0	0	402	483	0	0	0	275	647	795	0	0	0	0	304	0	0	0	0	0	0	0	0	713	0	0	0	21	244	0	0	0	0	0	0	0	0	0
0	0	810	100	870	0	0	0	0	0	143	438	260	0	0	0	428	0	592	831	529	0	591	0	494	0	0	0	0	183	0	0	293	0	0	0	0	0	0	0	799	0	288	283	108	0	0	0	0	67	0	0	325	0	0	0	0	0	497	437	0	0	0	263	0	722	0	237	0	0	0	0	0	0	0	53	1	0	896	0	0	0	50	0	0	0	0	313	0	0	0	733	0	0	0	163	0	0	0	0
0	0	0	0	568	0	942	0	0	0	0	0	0	0	542	0	0	0	437	582	0	0	0	0	0	0	0	0	527	0	0	0	0	0	0	0	0	0	0	0	0	0	0	0	0	421	917	0	840	369	656	0	0	0	0	0	0	0	0	599	426	512	0	960	0	0	0	0	0	701	0	0	0	539	0	332	344	795	0	930	0	0	0	0	0	0	0	289	0	0	0	0	0	73	0	0	0	0	0	0
188	0	0	0	0	0	0	97	0	0	0	0	310	447	0	86	0	0	0	0	0	0	132	0	0	0	0	0	0	0	606	0	0	0	0	0	0	0	806	0	0	0	798	0	0	0	0	0	0	0	879	0	0	0	0	0	0	617	0	255	142	0	312	0	0	0	681	0	60	921	0	222	0	0	0	0	601	128	0	0	0	0	0	0	804	3	0	253	0	0	374	0	795	0	0	0	0	0	0	0
0	0	985	168	397	0	0	0	0	0	0	0	0	0	0	0	0	628	420	0	0	161	753	0	0	282	0	0	0	0	383	0	0	0	0	0	203	423	672	0	0	0	414	0	0	769	0	0	0	0	0	0	0	0	680	348	0	0	0	0	0	698	0	297	0	0	0	138	0	0	0	0	169	0	0	214	378	471	0	433	0	0	131	783	0	0	0	0	0	0	0	147	0	0	612	0	0	135	63	0
0	0	0	692	0	0	0	488	0	0	0	0	0	127	0	0	0	0	789	0	0	0	0	0	0	0	719	0	709	960	0	0	0	467	0	0	0	0	0	0	0	755	0	0	0	0	0	0	0	278	0	0	0	0	0	0	0	0	0	0	0	0	0	845	72	0	0	0	0	0	0	0	0	0	316	623	528	0	0	0	774	0	0	0	0	29	0	0	0	0	0	0	0	97	0	0	0	0	0	0
0	621	648	0	0	796	0	487	0	0	0	0	0	0	0	0	0	100	0	0	0	789	0	0	0	61	675	0	34	0	0	0	0	579	0	928	190	0	0	0	0	189	520	0	610	629	0	0	281	0	449	851	0	0	0	0	838	0	0	0	0	227	0	85	0	0	0	0	0	0	0	200	0	719	252	44	0	0	0	877	0	937	0	0	0	0	0	0	0	0	0	642	0	0	0	0	0	0	349	385
0	0	324	197	0	931	0	0	0	0	868	0	0	201	48	0	0	886	0	0	0	0	0	0	0	0	0	0	0	0	0	0	0	865	963	0	0	804	0	0	786	0	279	177	938	0	415	0	0	311	0	0	0	0	0	948	0	0	0	0	0	700	0	0	0	723	0	0	720	0	0	0	0	764	0	519	0	0	18	0	0	322	0	0	0	0	637	0	0	0	0	0	0	0	0	0	554	387	0	0
0	680	0	414	299	838	0	0	0	0	0	0	0	0	0	0	0	0	0	0	0	0	0	0	0	0	0	0	0	0	0	121	274	333	0	16	0	0	964	0	0	0	492	0	612	249	0	680	236	0	0	0	0	0	353	0	580	0	696	0	0	0	941	0	0	0	0	916	0	0	0	591	397	246	0	703	0	947	0	0	0	0	129	0	0	0	233	0	0	0	0	0	95	0	0	0	0	0	722	135
0	117	0	217	0	0	0	0	0	205	0	0	0	880	0	538	0	673	0	801	0	0	280	0	964	731	200	0	0	0	814	848	80	0	0	0	924	0	0	0	0	867	0	0	0	604	0	0	778	0	0	0	0	0	176	0	0	0	546	0	0	802	966	479	799	0	0	0	648	0	0	0	0	0	231	0	0	0	0	0	0	0	0	0	164	507	0	213	510	371	0	0	609	0	0	0	756	0	0	0
0	0	0	501	270	0	73	615	0	744	32	0	352	845	0	0	0	870	0	843	0	585	0	0	0	0	0	0	0	0	0	50	0	0	0	0	0	540	0	0	846	0	0	0	0	0	0	0	276	0	0	0	1000	0	0	0	0	0	0	399	517	0	0	974	259	0	922	0	0	57	113	0	0	94	0	0	0	0	0	453	0	0	0	208	0	534	0	0	0	0	0	0	0	0	0	0	0	0	700	0
0	0	0	0	0	0	168	0	0	0	0	0	0	0	0	0	0	36	0	0	325	0	0	0	0	0	0	0	0	0	0	0	0	0	0	0	0	0	842	628	0	0	0	0	0	654	624	413	0	140	0	0	0	0	0	0	0	0	859	0	0	0	0	576	0	0	0	0	0	0	0	466	0	874	990	0	0	0	452	180	0	219	0	176	0	0	0	852	0	642	0	131	0	0	0	528	0	0	0	0
0	0	228	570	0	0	0	0	0	0	45	636	0	0	0	0	0	813	0	0	0	0	0	911	0	257	0	43	0	559	0	0	484	0	0	0	542	344	0	703	0	0	0	0	0	636	39	0	0	0	0	233	192	0	0	0	0	0	0	0	0	866	0	0	0	0	0	0	0	0	783	0	0	0	0	0	0	0	0	0	915	705	0	826	0	0	0	0	0	0	684	0	0	678	0	0	480	0	0	0
0	0	0	0	0	352	0	0	0	0	0	0	0	0	0	812	0	0	762	0	0	0	0	0	896	0	0	0	0	0	0	0	0	0	534	0	0	0	0	10	0	988	0	0	0	0	0	0	0	0	0	0	0	0	0	0	0	0	0	0	0	527	790	0	0	0	0	0	0	0	139	60	0	0	0	917	0	0	0	0	0	0	0	0	0	979	0	0	804	0	0	0	0	0	0	0	447	0	0	0
0	0	0	0	0	0	0	0	0	0	0	0	0	0	75	0	0	342	0	540	0	0	0	103	0	0	0	0	0	0	657	840	0	0	0	0	0	0	0	0	0	0	0	0	987	468	0	0	630	0	0	0	0	0	305	0	0	0	0	0	0	0	718	0	805	0	0	0	0	0	381	252	0	0	541	0	0	811	0	0	0	0	30	0	0	825	629	0	0	0	0	0	0	0	0	0	0	0	0	274
0	0	0	320	0	615	615	0	0	878	0	0	0	429	0	0	822	115	0	957	0	0	0	0	213	502	0	0	0	0	0	0	233	0	0	255	0	0	0	730	892	0	0	0	255	780	0	136	153	0	0	0	800	0	131	797	0	0	0	0	0	0	0	513	384	0	0	0	0	0	0	0	0	0	0	313	0	399	0	0	0	0	0	0	0	0	761	0	0	18	0	300	623	0	0	0	0	0	494	0
0	0	0	358	0	0	130	0	0	0	471	0	0	901	0	0	0	0	0	257	0	0	0	961	525	720	488	949	0	41	0	0	614	0	987	0	0	0	0	0	0	0	0	0	0	0	1	0	654	0	880	0	0	0	0	92	556	0	0	0	396	729	0	0	0	129	871	0	0	0	0	571	214	0	0	0	0	0	763	0	0	0	0	0	0	0	0	0	19	0	0	0	87	2	462	0	0	0	903	0
0	428	0	968	0	33	0	43	0	0	0	148	0	206	0	0	0	0	0	0	713	323	110	103	657	0	0	85	0	0	0	0	0	0	0	0	0	625	0	95	0	578	525	0	0	0	0	0	0	0	0	454	0	0	0	667	0	0	0	82	352	814	301	558	0	0	907	0	0	380	0	999	0	0	0	0	0	0	0	770	0	561	0	0	586	0	0	0	0	0	0	0	0	0	904	0	0	0	0	0
643	0	0	0	0	0	646	0	790	0	0	0	0	349	0	423	0	0	0	943	0	0	0	0	0	0	0	0	0	363	0	0	0	0	0	0	591	0	0	0	0	0	0	0	889	0	0	0	0	0	246	0	0	0	0	0	0	0	0	0	505	812	651	0	16	912	0	0	660	0	0	0	0	0	0	0	0	150	816	0	0	0	0	0	573	0	0	0	999	68	0	0	0	798	4	0	0	0	0	0
0	0	0	0	0	0	736	0	0	0	639	0	0	472	535	0	0	801	0	0	0	0	721	0	0	0	0	0	202	0	0	0	0	0	0	857	0	395	0	0	0	0	0	0	0	0	0	0	0	757	0	319	0	0	935	0	565	273	0	0	0	0	0	0	0	0	0	0	0	0	358	0	0	9	0	0	492	0	746	399	0	0	0	0	0	0	0	0	0	0	0	0	926	371	0	840	253	0	0	0
259	0	447	0	0	0	0	0	0	0	0	209	0	0	0	0	679	0	918	0	0	0	0	0	0	0	0	0	0	0	739	632	0	0	0	0	0	0	552	0	0	0	0	0	665	0	0	311	0	0	145	0	0	0	265	0	0	0	921	815	858	0	0	0	287	150	0	0	231	0	0	0	0	0	0	693	0	0	798	0	888	0	0	368	0	0	937	0	819	0	0	0	0	0	536	617	0	0	0	0
0	0	31	0	0	0	0	0	383	0	0	0	0	0	742	0	0	0	0	0	0	0	0	0	0	0	0	856	3	0	734	127	0	862	0	362	0	0	0	801	0	0	0	0	814	0	0	0	0	0	0	0	0	0	143	0	0	802	0	0	0	0	0	0	739	0	231	309	0	0	147	0	0	613	360	0	0	342	0	0	0	0	0	0	0	0	0	0	0	984	403	0	0	960	0	0	389	0	0	0
830	0	0	0	0	999	0	0	0	0	0	0	0	0	0	694	430	0	0	36	133	0	0	226	0	0	0	0	0	0	0	0	0	955	0	0	558	0	0	67	0	0	0	481	561	0	0	0	0	0	0	316	0	0	0	0	0	0	496	0	0	0	243	0	927	0	0	0	0	0	0	861	0	0	0	0	0	0	0	0	0	0	0	16	0	0	0	0	0	499	0	802	567	0	513	244	0	0	0	0
0	0	0	769	44	0	0	0	0	0	0	0	0	0	0	0	0	0	0	0	0	0	0	586	0	0	0	0	0	0	273	0	384	0	0	0	0	0	0	0	0	0	0	0	0	0	0	0	0	0	0	0	0	91	855	0	0	0	69	0	0	0	0	461	675	0	50	0	0	0	278	0	0	925	0	0	0	259	0	525	0	0	0	0	0	0	0	0	0	0	900	0	0	0	0	0	0	0	0	872
0	439	456	0	418	0	0	0	0	0	0	104	0	0	0	0	0	902	0	0	0	0	627	594	0	0	0	0	0	0	187	409	0	0	0	708	0	0	0	0	714	0	0	0	695	0	0	0	0	13	0	375	0	0	211	0	0	0	661	609	0	0	0	0	563	555	0	0	0	105	0	0	505	896	705	0	0	0	616	0	367	0	0	0	0	0	7	0	0	215	538	0	0	0	0	0	0	621	0	0
0	0	0	0	0	0	0	604	371	0	0	0	0	0	0	0	0	257	290	0	0	0	0	0	48	0	0	0	0	535	665	657	0	0	671	735	0	0	0	0	0	0	0	0	0	0	0	0	252	0	0	0	0	0	0	63	0	34	0	0	938	419	0	744	0	0	611	861	0	923	18	0	0	92	0	853	108	0	0	0	0	999	0	0	0	0	0	0	0	0	0	0	0	844	829	0	0	0	892	0
127	875	0	111	0	0	0	0	0	0	395	0	0	507	0	0	0	0	0	0	0	0	0	0	836	0	0	244	0	0	0	0	0	274	106	0	399	0	0	0	0	353	83	737	0	0	0	0	213	606	0	441	693	0	354	0	0	0	0	0	0	758	0	26	249	74	0	667	0	0	0	0	0	443	0	0	834	0	0	718	0	0	0	214	547	0	0	0	0	0	0	468	0	0	385	0	0	124	0	0
0	0	0	0	0	0	0	0	0	0	0	0	613	0	0	731	0	0	0	0	0	47	0	575	0	0	0	507	0	0	0	0	835	0	0	0	0	0	0	0	0	0	0	0	0	0	219	0	0	0	0	0	0	0	0	0	0	413	0	0	0	0	0	212	0	319	0	118	0	0	0	225	0	0	0	0	890	0	141	0	0	0	0	0	0	376	0	0	636	921	0	0	724	0	274	0	0	0	0	0
0	0	0	0	0	666	0	0	0	561	0	117	0	0	0	245	0	940	0	419	947	0	0	0	0	760	0	228	0	0	0	0	0	295	0	0	0	0	0	0	401	287	0	0	0	818	0	104	0	0	0	0	0	0	0	0	0	966	0	0	0	575	0	146	0	0	805	0	0	0	50	0	0	0	0	0	0	0	0	0	0	0	753	0	0	670	0	0	214	925	0	0	0	0	0	0	0	0	0	0
0	624	0	0	0	0	0	0	0	0	334	842	0	0	0	0	0	0	0	0	0	0	0	0	0	0	0	0	0	662	575	0	804	0	0	0	0	0	0	0	0	0	0	0	0	0	0	0	0	404	691	326	0	187	0	0	601	254	0	0	0	0	0	0	0	0	574	0	0	0	253	760	0	306	0	0	0	0	0	0	330	943	0	0	0	0	0	0	0	452	975	187	357	0	0	0	691	0	204	0
907	39	0	0	0	0	0	0	0	0	0	0	0	580	0	24	0	0	0	0	0	0	0	0	950	0	0	0	0	0	0	0	0	0	0	0	0	0	0	0	0	0	925	0	0	882	0	77	0	0	0	590	0	0	851	0	0	0	266	0	485	0	0	0	0	0	0	0	0	0	0	0	357	0	391	0	335	0	964	13	0	0	0	0	0	311	912	0	0	0	0	0	574	0	0	0	0	0	0	0
628	87	824	0	0	0	0	0	0	0	0	0	862	80	0	0	678	0	0	0	0	138	0	681	0	0	0	657	0	0	849	0	0	0	0	584	487	104	0	0	710	0	0	0	0	0	447	0	0	0	0	0	0	617	0	581	0	0	141	0	529	950	0	0	235	0	0	0	0	0	0	0	0	0	0	514	0	0	0	0	0	0	721	0	0	0	0	0	0	19	0	739	710	0	0	0	0	0	0	667
0	0	0	0	950	86	604	0	0	0	0	0	0	0	593	0	680	0	0	900	0	457	0	0	0	810	0	0	0	0	0	0	0	0	0	0	154	0	0	509	0	0	0	0	0	0	0	0	0	159	0	0	0	78	0	0	0	547	0	0	0	763	0	458	0	0	0	0	0	0	436	0	0	0	0	950	0	0	0	0	0	189	0	0	0	0	349	0	0	116	0	0	0	0	0	543	0	0	0	0
0	0	0	423	0	0	904	0	148	0	0	0	0	0	0	0	292	0	0	0	0	0	0	0	0	0	0	0	0	189	0	0	0	0	0	0	0	768	0	0	520	0	0	0	0	0	0	0	0	0	695	448	494	0	277	0	0	0	0	0	0	663	0	0	0	0	0	0	711	0	883	0	0	193	0	0	0	0	0	0	0	514	136	0	0	0	0	0	0	0	0	0	0	0	0	0	0	0	0	257
0	734	0	0	0	493	823	0	0	0	0	0	0	0	0	151	0	279	0	918	0	0	0	0	0	600	0	0	0	0	0	0	0	0	0	0	0	0	682	0	0	0	0	0	0	0	0	0	861	703	0	0	982	0	0	135	185	913	0	175	205	0	0	0	637	867	542	0	0	0	182	17	0	0	0	718	0	0	0	275	787	0	0	418	0	0	0	0	307	0	0	0	0	0	0	0	717	0	64	940
0	330	0	0	552	0	456	0	0	566	0	0	587	730	0	0	0	0	0	0	0	0	0	0	0	826	0	557	0	0	0	0	0	851	0	0	435	0	938	0	952	0	0	0	0	0	4	0	699	0	0	0	506	0	0	0	0	0	0	0	633	417	131	0	0	0	0	0	0	0	185	0	562	0	712	0	0	0	0	684	0	407	0	0	0	403	0	0	817	0	0	0	0	144	0	0	0	0	0	0
783	0	0	0	374	410	963	0	0	0	75	0	0	0	500	854	0	0	0	0	0	0	0	918	0	0	371	0	0	0	0	0	0	0	0	0	0	0	0	0	0	0	0	0	0	825	477	0	193	0	0	0	134	0	587	0	925	110	0	0	418	0	0	0	0	0	540	0	0	0	0	0	709	0	833	0	0	143	0	0	0	0	0	0	704	709	0	0	0	0	148	0	684	0	0	0	0	0	0	0
0	0	0	0	610	0	890	0	69	0	539	0	0	45	0	0	0	0	808	0	0	0	0	0	0	0	0	0	0	0	0	0	0	0	0	0	601	720	0	673	0	0	549	309	382	482	0	0	971	0	0	0	0	0	0	0	0	0	0	0	0	0	0	0	0	0	0	0	984	0	0	0	0	0	0	0	0	522	0	0	0	825	0	0	0	0	846	561	0	0	0	0	0	0	0	0	201	0	0	0
0	0	783	630	0	0	0	0	883	0	0	0	0	276	0	632	0	693	0	0	0	0	260	0	0	0	681	894	0	734	77	0	0	0	0	0	0	0	0	131	343	0	70	979	423	0	0	741	0	0	315	0	0	0	599	0	0	0	0	0	154	0	0	0	0	0	0	42	929	721	0	0	0	597	0	0	0	0	0	747	0	806	0	0	0	0	0	620	282	85	0	0	0	0	0	351	0	342	10	0
0	666	684	0	0	0	0	0	0	0	0	0	0	0	0	0	358	0	0	350	0	0	0	789	0	827	0	943	0	0	0	567	0	0	0	0	0	457	387	0	571	0	0	0	0	0	0	0	0	0	0	0	24	0	0	0	0	0	0	0	851	885	0	0	0	113	0	130	0	602	0	0	0	0	0	503	0	0	0	0	0	0	0	495	0	0	0	789	0	0	0	284	0	0	0	0	0	0	0	0
0	0	0	0	0	0	0	0	0	0	837	0	727	0	0	0	0	0	0	0	0	0	730	126	828	806	0	0	0	0	0	0	0	0	0	0	633	0	0	0	0	0	0	458	0	0	0	691	0	0	0	0	759	0	0	312	241	0	0	0	0	0	0	0	0	0	0	333	0	0	0	0	0	0	0	491	934	0	960	0	0	0	0	0	0	0	580	0	0	0	0	277	0	0	0	750	561	0	0	0
0	0	678	0	0	0	0	911	0	0	0	660	0	0	0	827	567	0	0	0	0	0	0	0	800	0	0	0	852	746	0	834	0	0	0	0	476	166	67	0	0	0	0	0	0	0	0	0	637	0	0	0	0	0	0	841	0	0	0	115	585	0	0	679	0	160	0	581	0	0	0	0	0	0	0	380	0	509	0	960	104	0	0	0	0	0	181	0	10	0	0	0	0	0	0	0	0	0	0	0
0	0	0	0	0	0	127	0	0	235	0	0	611	0	0	0	0	0	84	0	0	788	0	0	0	965	0	0	0	0	131	0	229	0	872	0	0	537	0	501	0	593	0	955	0	0	0	0	0	0	156	0	183	0	0	656	852	0	0	908	0	45	0	0	0	0	355	0	0	897	0	0	0	0	0	0	662	958	0	0	17	0	0	0	0	825	300	950	0	0	0	0	199	0	0	0	0	0	0	736
981	875	0	0	8	0	0	0	0	0	0	0	0	0	0	398	0	0	0	394	0	0	0	0	0	0	102	0	172	0	876	0	591	755	0	0	0	0	0	0	0	847	0	0	0	0	0	744	0	0	0	327	314	941	0	0	0	0	0	0	0	407	0	33	0	0	0	0	54	0	0	0	334	0	0	0	0	129	0	0	625	0	0	0	0	0	0	0	0	102	0	395	0	0	0	0	0	0	0	0
0	0	0	839	0	522	604	0	0	0	0	208	0	0	0	65	85	0	0	0	474	0	0	0	0	0	0	0	0	895	0	0	435	973	0	0	341	0	0	475	139	631	659	0	0	0	0	0	0	842	0	0	0	0	0	0	75	0	0	0	0	0	118	0	308	0	0	0	0	0	0	0	0	104	0	0	0	65	0	0	0	0	0	0	0	0	0	0	0	0	0	0	0	0	0	0	0	943	0	234
0	446	990	0	0	0	0	870	0	805	0	0	0	0	610	0	934	0	77	0	386	659	482	758	0	0	0	0	863	110	991	0	0	712	420	0	775	0	0	0	424	0	0	87	0	0	0	0	0	296	0	0	836	889	0	0	0	0	0	860	975	0	0	0	0	0	115	0	0	0	167	0	382	0	0	0	0	0	0	0	0	0	0	0	0	0	274	0	0	0	790	0	0	0	0	0	90	0	0	0
0	0	0	0	0	0	254	513	0	696	0	0	0	0	0	0	0	0	0	0	0	37	0	0	0	0	0	0	0	523	0	0	833	0	0	0	979	0	219	0	0	0	0	506	0	854	0	0	0	0	192	0	0	0	0	592	0	0	189	0	0	0	0	0	0	867	0	0	0	989	0	0	669	0	0	0	0	0	0	380	0	0	100	0	942	0	0	0	0	452	0	811	0	0	0	0	0	193	0	0
0	0	0	0	0	557	0	0	0	587	0	0	0	816	0	678	781	0	0	253	28	0	0	0	0	0	0	0	415	0	479	0	0	0	728	0	228	865	0	0	863	732	0	661	0	239	0	415	0	0	659	0	0	0	0	0	0	522	796	554	0	0	719	0	0	655	0	0	361	0	500	915	0	84	0	0	509	0	0	0	935	0	205	527	0	0	0	0	0	0	747	0	0	0	556	0	0	62	0	0
0	0	287	0	0	664	601	0	0	522	0	793	0	0	0	0	0	0	0	0	0	981	0	366	0	0	0	813	0	20	0	0	0	387	0	598	0	861	0	0	0	0	0	0	0	349	0	407	0	495	0	0	0	0	0	0	0	0	762	196	0	992	0	0	664	0	0	0	0	0	965	702	0	0	0	928	0	0	0	0	0	0	0	0	0	249	0	0	0	0	0	0	0	436	0	0	0	0	398	0
0	0	589	0	0	823	186	0	394	0	0	0	0	0	0	0	0	0	0	153	0	0	96	0	480	0	0	232	0	814	0	0	0	0	0	0	0	912	0	0	0	0	0	0	0	334	0	0	0	0	0	287	0	0	0	910	0	0	208	0	776	0	0	0	291	689	470	0	0	975	164	907	126	0	0	0	0	0	0	0	0	0	0	157	0	416	0	0	0	678	0	0	306	0	0	0	208	0	0	362
0	0	993	0	0	0	0	0	0	0	0	0	914	0	846	870	0	536	0	839	0	0	0	0	346	0	0	0	0	0	294	0	0	0	0	0	734	978	240	0	0	0	0	0	0	0	0	132	0	0	0	0	0	0	0	0	0	0	0	0	213	0	0	0	0	0	0	0	0	0	0	308	0	613	0	0	0	0	406	0	0	0	126	0	759	0	0	0	0	0	0	0	0	275	0	0	0	0	38	0
0	0	0	0	0	0	0	469	0	0	0	0	474	0	0	0	0	0	0	0	0	0	0	0	0	296	0	0	881	0	0	227	993	0	64	0	0	0	0	0	0	0	0	878	0	0	0	749	0	0	0	0	77	0	531	0	0	0	0	0	0	0	0	0	0	421	870	0	0	0	0	658	0	0	0	0	0	0	0	0	0	291	990	0	39	0	0	805	0	0	628	628	0	332	0	0	67	0	742	0
0	0	0	0	0	0	495	0	0	0	0	439	0	0	0	816	398	446	498	84	140	0	68	0	0	0	0	0	0	0	0	0	969	0	983	0	0	0	0	813	0	0	487	0	0	0	837	0	104	0	0	0	0	0	0	0	0	0	0	0	0	653	0	0	516	0	598	0	0	0	0	0	0	0	0	227	0	43	0	0	0	0	0	0	0	932	0	0	0	0	638	0	0	0	0	0	0	0	0	0
0	0	0	949	874	0	0	0	0	0	0	0	517	0	0	523	0	785	0	0	679	0	0	0	846	0	0	0	699	0	0	0	0	258	0	0	744	0	0	0	0	0	0	0	0	0	124	0	0	0	0	0	0	0	0	0	0	0	200	0	0	0	295	1000	547	527	0	0	0	0	0	752	0	0	0	0	0	0	0	84	0	0	0	0	0	0	0	817	319	579	0	100	0	0	0	470	694	0	506	0
0	420	0	0	0	0	123	0	0	0	0	0	0	0	0	0	721	880	215	0	0	982	0	153	0	0	921	0	0	0	0	11	0	0	0	0	280	0	0	279	0	0	894	0	0	0	0	0	0	0	0	216	0	0	0	0	0	0	0	0	0	909	0	0	0	151	0	0	0	0	0	0	0	0	0	177	0	0	0	784	0	0	570	224	35	0	0	0	0	698	0	0	0	0	0	0	0	0	0	0
896	0	0	0	0	0	0	0	0	0	0	0	133	0	560	441	467	0	0	0	0	0	0	0	0	0	0	0	0	0	0	355	0	420	0	0	467	0	952	0	377	614	409	0	0	0	0	0	0	200	0	0	0	0	439	809	0	0	0	748	350	0	47	0	0	634	0	0	867	0	91	0	0	963	0	0	0	17	0	0	0	931	0	141	0	407	0	0	102	0	237	479	0	0	0	0	0	0	0	0
0	0	633	0	0	0	0	261	0	30	0	0	382	463	31	116	61	601	0	0	0	0	0	0	0	399	0	0	278	0	390	203	0	577	8	0	0	0	402	0	0	667	0	0	0	539	880	0	892	728	0	0	0	0	964	0	0	755	0	0	0	0	0	0	0	0	0	224	107	0	558	0	0	616	544	0	0	0	822	0	747	345	0	0	0	195	796	76	0	0	0	0	0	825	0	663	0	0	0	0
0	0	0	0	166	0	925	0	537	74	0	0	0	0	0	25	0	0	495	0	298	0	0	0	120	642	597	0	0	201	0	0	0	0	0	0	0	0	810	0	0	0	0	0	0	0	0	0	0	0	0	0	0	0	673	0	350	0	0	0	616	0	0	0	0	0	897	0	0	0	0	0	0	0	0	0	866	0	918	0	0	0	890	788	0	0	0	0	0	0	899	745	0	460	0	0	575	0	0	0
0	0	977	0	724	0	0	0	0	731	826	0	0	873	466	0	986	438	0	515	92	0	0	69	0	0	176	836	0	0	401	0	747	213	0	0	0	0	0	0	687	0	596	793	0	157	0	0	0	0	0	0	0	0	586	897	0	769	0	611	183	0	0	0	0	524	0	0	707	745	0	0	0	0	0	730	0	0	529	853	0	0	0	0	685	0	0	994	120	0	0	0	0	777	0	760	0	0	0	0
450	0	0	0	0	0	0	0	0	0	0	0	0	0	0	0	0	0	0	239	909	0	0	0	0	0	921	844	0	0	0	0	0	85	0	0	0	0	987	815	573	0	0	0	0	0	0	0	561	0	683	0	0	0	0	0	0	0	0	0	0	0	0	0	0	0	0	0	0	0	0	79	0	450	0	0	0	0	0	0	0	0	682	0	0	0	813	0	0	148	678	0	0	0	0	0	0	0	0	0
0	0	0	464	0	0	148	0	0	0	0	0	199	695	0	0	0	0	0	0	0	0	0	0	0	0	0	0	0	0	0	0	0	171	0	265	662	0	0	0	0	884	0	967	0	0	0	0	462	175	0	0	0	0	0	0	0	379	447	194	0	0	0	0	0	0	0	73	0	0	0	0	303	0	0	0	0	0	0	0	206	0	0	0	0	0	158	0	0	891	0	0	0	0	0	810	958	863	0	0
605	0	267	0	0	862	604	746	0	0	0	0	0	748	503	0	588	0	0	0	0	0	0	0	0	0	57	0	0	0	0	0	741	0	0	0	0	0	0	0	489	0	856	0	0	0	0	0	0	0	0	0	0	0	636	0	704	0	0	0	0	0	338	0	0	0	0	0	0	0	0	0	0	0	621	0	0	0	250	0	0	0	539	0	0	0	688	0	421	0	213	969	0	0	0	0	0	0	0	0
0	519	0	0	0	0	570	0	0	0	0	0	0	706	737	0	36	0	0	0	814	0	488	0	0	0	991	0	0	0	225	0	729	0	0	0	425	0	0	375	0	0	0	0	0	0	0	0	0	371	0	0	0	0	0	388	46	0	926	728	223	0	0	0	0	218	0	0	0	718	746	0	0	0	0	7	386	0	0	0	0	0	0	0	0	0	0	0	578	0	0	0	0	0	0	475	0	0	0	0
0	0	785	0	0	0	0	0	0	626	0	426	0	0	73	0	0	0	0	0	0	0	0	0	0	0	59	0	0	396	0	0	0	0	525	0	0	0	893	0	0	0	0	0	0	0	0	0	762	0	0	0	163	0	44	334	0	402	0	433	0	0	0	0	68	0	0	0	0	0	0	577	656	753	991	0	0	0	708	0	0	146	0	0	0	185	0	0	0	0	0	324	0	510	0	0	0	0	0	0
0	713	620	197	0	212	0	0	0	0	0	0	559	2	0	96	491	442	0	0	0	0	0	701	201	993	0	0	0	0	0	0	0	0	0	0	0	0	0	726	0	0	0	0	0	890	82	0	0	0	0	323	0	0	0	997	0	795	0	0	360	252	0	291	299	0	0	0	0	0	0	0	462	0	0	0	0	0	152	0	0	0	0	0	0	0	0	0	0	0	0	0	0	43	438	0	0	0	0	0
514	0	990	62	769	0	0	0	0	739	0	0	0	0	626	0	8	0	0	773	0	0	0	383	400	0	0	0	0	0	0	0	0	0	0	681	0	842	235	149	0	0	0	0	908	650	222	0	0	0	0	0	0	0	579	140	289	0	0	0	0	0	0	0	0	0	214	0	823	790	455	0	31	0	0	0	0	0	64	0	0	585	548	0	261	0	0	0	0	0	0	0	0	0	0	867	0	5	0	756
0	0	0	0	791	0	0	0	235	293	0	0	0	0	0	0	0	0	0	0	0	633	0	0	310	0	376	0	857	404	0	687	0	0	0	0	761	28	0	0	0	0	0	0	0	0	0	671	164	456	419	0	956	0	0	0	0	0	0	0	735	0	0	0	0	0	0	0	0	0	702	0	0	0	0	795	0	0	0	0	355	0	0	195	0	576	494	0	0	0	0	0	0	0	0	0	162	249	545	0
0	483	0	618	0	135	0	0	0	0	0	0	19	0	0	260	0	0	0	0	0	0	0	0	0	0	0	0	0	99	0	377	0	44	0	0	0	107	598	0	0	718	0	429	0	0	0	0	0	189	0	0	0	0	0	0	0	0	0	0	0	0	0	0	0	853	0	325	0	0	0	0	429	0	0	0	0	0	445	130	0	944	0	0	0	0	0	695	0	0	0	0	837	0	0	0	0	0	0	0
0	0	0	209	898	0	0	0	0	844	0	880	0	0	0	0	0	0	0	0	71	0	0	0	0	0	0	0	450	587	0	0	0	0	0	0	0	0	0	0	107	0	0	0	0	0	0	0	160	418	0	552	899	0	0	0	0	0	0	0	0	689	0	448	0	0	0	0	713	0	0	0	0	395	31	290	0	0	0	0	0	870	523	0	0	0	735	0	478	0	559	92	0	0	0	0	44	0	795	0
0	0	0	906	0	0	695	0	0	0	0	0	0	0	945	0	0	0	67	0	0	250	0	0	0	412	0	0	0	0	0	0	0	801	0	0	544	332	30	0	0	0	0	0	0	479	99	0	0	460	0	0	49	0	0	420	180	0	913	0	0	0	0	0	0	0	960	0	0	0	0	0	0	784	0	0	0	0	706	0	0	0	0	0	0	0	886	0	0	0	0	219	0	388	0	281	0	436	0	0
32	671	474	0	0	0	0	0	0	595	359	0	0	164	813	0	0	794	0	0	0	0	0	0	0	0	0	0	56	795	0	0	326	58	0	0	0	0	0	659	0	674	488	0	0	0	0	849	105	0	826	0	0	118	0	0	0	0	0	0	0	106	0	720	544	0	0	974	0	360	0	0	0	0	0	0	0	433	279	373	609	0	0	0	912	912	882	443	0	101	0	0	0	0	0	0	0	0	355	0
0	0	118	0	0	0	0	910	0	0	0	0	701	0	931	0	0	0	855	0	0	422	0	0	179	0	0	0	0	619	0	0	0	0	0	0	438	0	0	0	812	0	0	0	0	0	0	0	0	0	0	0	341	0	0	0	0	0	0	0	0	0	0	0	272	0	903	0	294	444	0	0	0	0	0	0	0	229	0	0	0	0	608	0	0	457	0	661	0	0	255	0	0	0	0	335	0	406	0	0
0	0	0	0	0	0	0	0	978	0	0	490	0	0	779	943	0	0	0	0	0	749	0	0	0	0	16	18	319	0	0	0	0	0	0	0	0	0	0	0	528	0	0	0	0	0	0	0	0	0	0	742	0	0	0	25	40	0	0	0	0	0	971	0	0	0	0	0	0	0	0	404	0	0	0	0	0	193	153	0	860	199	0	637	0	0	0	0	0	14	0	0	0	0	485	0	0	294	0	0
0	0	0	0	834	0	0	0	0	0	0	0	0	0	0	0	0	0	998	0	0	0	0	974	0	0	0	0	0	950	634	0	933	149	905	0	0	0	0	0	809	517	217	173	0	0	0	350	343	0	0	0	0	706	657	0	0	0	0	666	0	0	0	845	521	13	0	0	0	0	0	0	0	0	0	132	0	0	0	789	579	0	0	0	243	0	51	420	0	0	58	0	0	0	0	740	0	502	0	132
0	0	0	0	0	0	0	757	0	0	0	747	0	0	0	0	0	0	0	0	246	0	0	0	0	0	0	370	0	0	0	259	0	0	582	0	0	0	124	0	0	0	0	0	529	188	0	0	438	0	728	0	583	0	0	0	450	0	0	0	0	999	0	0	569	968	0	287	0	838	0	103	0	0	0	0	0	0	0	0	0	0	0	0	919	39	0	858	0	0	0	0	0	0	0	0	0	0	0	778
0	0	0	0	0	0	0	0	0	0	674	0	0	5	0	585	0	120	0	0	0	0	0	0	0	0	0	699	0	0	0	0	0	930	844	657	0	0	0	0	0	0	0	0	0	0	977	557	0	0	419	976	0	0	0	0	0	0	0	504	0	178	0	0	839	0	0	0	0	448	974	0	0	0	156	203	0	0	723	0	0	0	0	0	0	0	0	0	0	399	0	0	541	0	0	0	0	0	0	41
0	405	95	0	0	938	0	516	0	0	0	0	0	0	382	0	0	772	0	0	0	21	0	339	0	0	682	0	0	0	0	0	0	0	154	768	604	0	624	343	221	0	0	0	0	359	0	437	0	0	0	0	0	0	791	0	0	0	40	0	0	0	887	0	0	0	0	0	0	0	0	764	0	563	0	246	0	0	0	0	0	121	0	0	0	0	0	0	0	986	0	0	0	0	437	0	0	0	0	47
0	0	0	0	0	0	0	0	0	0	0	0	550	0	0	0	0	0	905	441	0	254	68	0	0	927	0	0	0	319	508	0	170	0	0	0	0	0	0	0	0	0	0	0	195	0	0	0	0	239	0	112	0	0	0	0	636	83	0	0	504	718	769	0	0	0	0	0	0	0	0	0	0	0	0	0	0	0	311	0	633	0	0	0	0	645	669	664	0	0	0	0	0	0	0	0	274	0	0	0
0	0	214	0	0	0	649	0	0	0	0	0	0	573	0	0	0	0	405	0	428	0	0	0	0	0	67	828	0	24	0	0	0	131	0	864	0	0	0	0	0	0	0	0	0	0	0	0	0	0	0	0	0	0	0	0	690	0	0	0	0	0	337	0	0	123	0	0	0	629	0	0	18	0	0	0	0	0	0	0	0	0	328	0	0	0	551	0	0	0	726	0	0	0	0	0	0	0	0	0
0	0	0	350	0	0	0	0	408	0	0	0	0	0	865	819	0	0	0	0	0	0	0	0	0	0	0	0	684	0	0	0	0	0	0	263	0	811	879	0	800	22	0	0	422	0	0	0	587	0	0	567	0	0	0	0	248	0	0	0	0	0	269	747	0	0	0	0	0	0	339	0	0	0	0	0	0	985	0	0	0	0	0	0	0	0	0	0	218	0	0	0	0	0	0	0	414	487	0	0
0	440	0	0	0	0	0	191	180	0	0	0	0	0	0	0	195	0	0	0	0	0	716	0	0	762	0	0	0	0	0	0	0	902	841	186	0	0	0	0	0	0	814	0	577	0	0	0	0	236	0	0	0	0	472	670	0	0	563	0	499	0	0	339	0	0	0	0	0	0	0	0	0	0	113	0	0	0	0	0	0	723	0	0	0	0	967	933	0	417	54	0	0	0	507	0	44	0	0	0
0	0	0	0	0	0	0	0	0	907	0	0	0	0	0	0	0	0	0	0	0	0	0	745	0	349	744	0	0	0	0	846	0	0	0	0	901	0	0	0	0	0	0	155	0	0	0	0	577	0	0	0	0	0	402	0	0	24	0	0	0	0	0	910	446	0	298	405	0	0	0	0	0	0	0	474	0	0	98	12	0	0	0	0	0	0	0	0	0	20	0	0	670	0	0	0	0	0	0	0
