864	394	0	911	430	41	265	988	523	497	414	940	802	849	310	991	0	366	597	0
929	223	516	142	288	143	0	97	0	818	256	931	545	722	829	0	0	150	0	101
0	75	0	0	700	338	483	573	103	362	0	323	625	655	0	0	989	565	488	453
886	0	266	63	824	0	0	937	14	0	736	860	408	727	844	803	0	0	1	0
0	847	0	0	0	0	333	720	891	64	195	939	0	227	244	822	990	145	822	556
458	0	82	327	896	520	955	501	111	0	564	298	723	0	560	340	834	944	0	208
986	818	617	560	601	294	455	93	610	817	0	324	589	247	297	0	193	0	0	33
0	672	266	487	0	91	695	0	133	0	0	945	39	0	82	919	0	945	0	0
699	400	857	722	537	0	0	831	241	869	220	916	695	603	845	972	429	0	281	461
504	676	656	717	938	0	365	84	332	627	118	498	601	0	343	0	194	0	16	0
277	119	722	225	380	813	174	340	436	835	63	103	801	149	875	714	224	46	836	587
649	931	958	547	616	0	0	0	0	650	0	0	0	589	122	0	93	379	853	0
0	620	22	199	984	993	189	0	0	490	215	744	0	62	959	695	0	557	435	635
103	855	0	71	226	73	662	308	0	446	184	0	515	478	40	610	103	716	400	204
266	0	926	749	0	858	923	940	583	173	714	688	208	989	785	59	807	692	162	865
165	350	542	0	120	611	943	0	681	179	13	482	0	419	921	582	895	0	939	318
0	365	397	857	673	256	157	0	707	0	0	0	80	0	756	0	557	0	138	245
0	976	493	360	624	294	689	0	604	969	913	0	874	635	0	0	0	0	0	424
848	666	82	1	608	196	715	342	163	245	228	652	0	387	727	0	689	581	0	424
32	0	892	718	581	428	790	0	726	0	0	0	65	265	718	161	457	540	906	0
